lfn_id=24 full_street_name=Bayview Ave num_paths=4 paths:
  --> [[2006, 4297, 6766], [2767, 6098, 6099, 2045, 2083, 6650, 2110, 5153, 2194, 2195, 2067], [2619, 2580, 2579], [2691]]
lfn_id=44 full_street_name=Broadview Ave num_paths=2 paths:
  --> [[3830, 2050, 5774, 5810, 4702, 6522, 1913, 1914, 4361, 1908, 1909, 2171, 2066, 2155, 4302, 2075, 2091], [2015, 2087, 3437, 2095]]
lfn_id=225 full_street_name=Leslie St num_paths=2 paths:
  --> [[5687, 1684, 5684], [3473, 2686]]
lfn_id=228 full_street_name=Logan Ave num_paths=2 paths:
  --> [[5185, 1887, 5149, 5096, 1955, 1881, 1912, 1918, 4295, 4362, 1874, 4299, 1659, 4239, 1658, 2895, 1802, 4202, 1705, 1706, 5213, 5214, 5212, 1598, 1599, 1626, 1627, 1732, 1608, 1719, 1741, 1669, 4250, 1638, 4293, 1647, 6133, 6120, 6139, 6116, 4418, 2177, 5253], [5234, 2029, 2028, 2168, 4305, 1784, 1785, 1945, 2077, 4372, 2078, 2010]]
lfn_id=231 full_street_name=Lumsden Ave num_paths=2 paths:
  --> [[1974, 1973, 1404, 4151, 4308], [3168, 3300, 3169, 1497, 5047, 5081]]
lfn_id=256 full_street_name=Monarch Park Ave num_paths=3 paths:
  --> [[1753], [1958, 1855, 1774, 1972, 1928, 2140, 2141, 2106, 2116, 4375, 2115], [2112]]
lfn_id=280 full_street_name=Pape Ave num_paths=2 paths:
  --> [[1770], [2046]]
lfn_id=293 full_street_name=Pottery Rd num_paths=2 paths:
  --> [[4296, 2026, 1911, 1910, 6713, 6744], [1941]]
lfn_id=321 full_street_name=Sammon Ave num_paths=2 paths:
  --> [[1771], [2612, 4711, 3435, 3687, 2164, 2172, 2173, 1852, 1849, 1853, 1854, 2202, 2203, 2204, 2114, 4371, 2113, 1947, 5095, 1946, 4392, 1957, 2027, 4353, 2044, 2175, 2221]]
lfn_id=339 full_street_name=St Clair Ave E num_paths=2 paths:
  --> [[5917, 5932, 847, 4042], [2875, 4334, 1537, 2998]]
lfn_id=370 full_street_name=Victoria Park Ave num_paths=3 paths:
  --> [[4289, 1775], [3106, 2364, 2299], [2965]]
lfn_id=378 full_street_name=Westlake Ave num_paths=2 paths:
  --> [[1460], [4254]]
lfn_id=436 full_street_name=Bathurst St num_paths=4 paths:
  --> [[973], [4556, 2718, 3639], [2772], [2803]]
lfn_id=458 full_street_name=Bloor St W num_paths=5 paths:
  --> [[3792, 5221, 5222, 1211, 5807, 5808, 5806, 3558, 4994, 1399, 294, 308], [588], [670], [4136, 1100, 4138, 967, 947, 946], [2954]]
lfn_id=522 full_street_name=Connaught Crcl num_paths=2 paths:
  --> [[764, 763, 749], [764, 4128, 4124, 749]]
lfn_id=557 full_street_name=Dufferin St num_paths=5 paths:
  --> [[564], [703], [4717, 1185, 1186, 4107], [1463], [6204, 6216, 6207]]
lfn_id=571 full_street_name=Eglinton Ave W num_paths=2 paths:
  --> [[4008, 482], [770]]
lfn_id=694 full_street_name=Jane St num_paths=2 paths:
  --> [[325, 3991, 326, 327, 328, 3992, 4587], [575]]
lfn_id=854 full_street_name=Roselawn Ave num_paths=2 paths:
  --> [[521, 887, 891, 888, 492, 491, 3920, 474, 449, 485, 5556, 4022, 548], [905, 4131, 5812, 5813, 839, 836, 1013, 1107, 932, 933]]
lfn_id=952 full_street_name=Weston Rd num_paths=3 paths:
  --> [[3988, 470, 139, 458, 3915], [4036, 367, 4035, 4032], [6014, 6019]]
lfn_id=1196 full_street_name=Botfield Ave num_paths=3 paths:
  --> [[153], [174], [3883]]
lfn_id=1452 full_street_name=Delma Dr num_paths=2 paths:
  --> [[45, 103, 10, 31], [27]]
lfn_id=1962 full_street_name=Lake Shore Blvd W num_paths=5 paths:
  --> [[7, 6, 5, 4, 37, 3725, 61, 3804, 21, 22, 24, 5843, 26, 93, 9, 8], [1236, 1237, 1231, 1308, 1287, 1324, 5540, 1320, 1751], [4125, 1311], [4158, 5578, 2864, 1768, 4282], [5539]]
lfn_id=1963 full_street_name=Lake Shore Dr num_paths=5 paths:
  --> [[1697, 3828, 14], [4093, 1403, 4320, 1748, 1696], [1683], [1733], [4304]]
lfn_id=1966 full_street_name=Lambeth Rd num_paths=2 paths:
  --> [[256], [3763]]
lfn_id=2391 full_street_name=Riverwood Pkwy num_paths=2 paths:
  --> [[4139, 1239], [4224]]
lfn_id=2413 full_street_name=Royal York Rd num_paths=2 paths:
  --> [[1475, 1474, 1448, 1449, 1473, 1447, 6221, 1315, 1301, 4313, 1226, 1277, 1278, 1402, 1401, 1400, 4186, 1337, 1708, 1682, 1712, 1730, 5587, 4309, 1731, 1252, 1255, 1254, 1253, 4167, 1294, 4166, 4066, 1293, 1372, 879, 4055, 2291, 2325, 4191, 1238, 1355, 1111, 1690, 1200, 1201, 1227, 1215, 1210, 1204, 5816, 5817, 1249, 5747, 4249, 160, 126, 127, 130, 3911, 109, 110, 2515, 2516, 2826, 2850, 3909, 118, 119, 181, 182, 251, 252, 288, 631, 643, 644, 3961, 4432, 5118, 623, 155, 4433, 269, 270, 271, 324, 264, 315, 218, 5150, 4109, 478, 479, 417, 419, 200, 180, 2590, 2703, 199, 236, 235, 302, 5620, 5621, 3912, 3917, 473, 4159, 4083, 275, 3777, 281, 253, 3466, 4949, 525, 528], [4023, 368]]
lfn_id=2520 full_street_name=Stanley Ave num_paths=2 paths:
  --> [[1376, 1373, 1291, 4164, 1303, 2964, 4614], [4121]]
lfn_id=2601 full_street_name=The Kingsway num_paths=2 paths:
  --> [[5163, 359, 349, 3985, 348, 221, 290, 3895, 630, 3927, 629], [321, 292, 323, 322, 282, 283, 415, 426, 427, 372, 293, 5104, 2594, 4004, 404, 455]]
lfn_id=2954 full_street_name=Barton Ave num_paths=3 paths:
  --> [[1033, 1032, 686, 4048, 526, 167, 3962, 672, 1819, 4325, 671, 3959, 957, 428, 343, 582, 719, 693, 700, 699], [909], [1051]]
lfn_id=3020 full_street_name=Bloor St E num_paths=2 paths:
  --> [[5145, 885], [1517, 1564, 1503, 1673, 1814, 1672, 1639, 1640, 1661, 1677]]
lfn_id=3066 full_street_name=Brock Ave num_paths=2 paths:
  --> [[2371, 1605, 1531, 1506, 4263, 1538, 4264, 1494, 5066, 1233, 1232, 1098, 1268, 1302, 4193, 1257, 1258, 5826, 1082, 1012, 1045, 583, 600, 601, 868, 4084, 3941, 707, 945], [975, 976, 4113, 855]]
lfn_id=3168 full_street_name=Cibola Ave num_paths=3 paths:
  --> [[6442, 6362, 6441, 6336, 6341, 6337, 6350, 6426, 6554, 6151, 6691, 5439, 6521], [6470, 6746, 6747, 6251], [6442, 6362, 6441, 6336, 6341, 6337, 6350, 6426, 6554, 6151, 6544, 6582, 6583]]
lfn_id=3207 full_street_name=Commissioners St num_paths=2 paths:
  --> [[4772], [5379]]
lfn_id=3269 full_street_name=Davenport Rd num_paths=2 paths:
  --> [[901, 4087, 4026, 1110, 1138, 1156, 747, 851, 882, 811, 810, 818, 914, 1081, 1180, 4038, 1179, 4056, 860, 1134, 861, 1010, 854, 853, 1078, 1079, 890, 962, 856, 4025, 842, 874, 875, 792, 793, 625, 2104, 4374, 650, 649, 621, 620, 2593, 480, 4034, 641, 640, 639, 638, 5378, 3999, 632, 3998, 402, 409, 403, 580, 579, 578, 508, 509, 516], [4301, 2735, 5627, 5628, 832, 812, 3966, 4163, 5630, 989, 990, 991, 899, 897, 878, 986]]
lfn_id=3388 full_street_name=Elm Ridge Dr num_paths=2 paths:
  --> [[736, 489, 5239, 3737, 3736, 3974, 557, 558], [596, 598, 599, 5778]]
lfn_id=3430 full_street_name=Felstead Ave num_paths=2 paths:
  --> [[2869, 2914, 3824, 1886, 1825], [2917]]
lfn_id=3495 full_street_name=Gerrard St E num_paths=2 paths:
  --> [[4106, 1044, 1292, 4179, 1728, 1956, 1666, 1667, 4226, 6789, 6788, 4228, 1710, 2096, 2220, 4335, 2117, 2212, 4333, 2037, 4356, 2038, 4377, 2252, 1657, 1656, 1801, 1610, 3228, 3200, 1611, 1612, 1968, 1967, 1981], [1979, 1971]]
lfn_id=3506 full_street_name=Gladstone Ave num_paths=3 paths:
  --> [[648], [964, 965, 1018, 4058, 1083, 4028, 651, 846], [6212, 6276, 1634, 1635, 1508, 1566, 4197, 2813, 2779, 1022, 1023, 940, 4112, 939, 938, 950, 949, 948, 1171, 1004, 6614, 6613]]
lfn_id=3605 full_street_name=Harbord St num_paths=2 paths:
  --> [[3334, 4071, 1383, 5143, 5144, 5188, 4123, 1167, 1158, 1157, 689, 6507, 705, 3983, 711, 729, 730], [1015, 5049, 5087, 5123, 5073, 5091, 4168, 963, 1053, 1065, 4079, 1152, 1066, 1067, 6062, 6060, 1177, 1121, 1120, 1113, 1112, 1198, 1197]]
lfn_id=3661 full_street_name=High Park Blvd num_paths=2 paths:
  --> [[1561, 1601, 1602], [6124]]
lfn_id=3704 full_street_name=Howland Ave num_paths=2 paths:
  --> [[910, 943, 772, 820, 5138, 5139, 4064, 944], [1016, 881, 4016]]
lfn_id=3722 full_street_name=Indian Rd num_paths=2 paths:
  --> [[1529, 4209, 4210, 1507, 4258, 1338, 4067, 1339, 1340, 597, 507, 610, 506, 3982, 505, 594, 4180, 1420], [4311, 5727, 663]]
lfn_id=3727 full_street_name=Inglewood Dr num_paths=3 paths:
  --> [[849, 850, 884, 809, 906], [1101], [2837, 3764]]
lfn_id=3786 full_street_name=Kingston Rd num_paths=6 paths:
  --> [[1593, 1331, 1330, 1329, 1328, 1390, 1389, 1388], [1810], [1964, 6602], [2419, 2393, 2324, 4446, 2306], [5650, 2464, 2379, 2360], [4605]]
lfn_id=3802 full_street_name=Lakeshore Ave num_paths=4 paths:
  --> [[6181, 6348, 6440, 6361, 6300, 6349, 6312, 6180, 6299, 6439, 6703, 6702, 6545, 6534, 4441, 3761, 6753, 3759, 3760, 3762, 6516, 6509, 6550, 6570, 6520, 6517, 6274, 6275, 6519, 6518, 6508, 6682, 6683, 6718, 6309, 6717], [6181, 6348, 6440, 6361, 6300, 6349, 6312, 6180, 6299, 6439, 6703, 6702, 6545, 6534, 4441, 3761, 6753, 3759, 3760, 3762, 6516, 6509, 6550, 6570, 6520, 6517, 6274, 6275, 6519, 6518, 6508, 6682, 6683, 6718, 6310], [6181, 6348, 6440, 6361, 6300, 6349, 6312, 6180, 6299, 6439, 6703, 6702, 6545, 6534, 4441, 3761, 6753, 3759, 3760, 3762, 6516, 6509, 6569, 6570, 6520, 6517, 6274, 6275, 6519, 6518, 6508, 6682, 6683, 6718, 6309, 6717], [6181, 6348, 6440, 6361, 6300, 6349, 6312, 6180, 6299, 6439, 6703, 6702, 6545, 6534, 4441, 3761, 6753, 3759, 3760, 3762, 6516, 6509, 6550, 6570, 6520, 6517, 6274, 6275, 6519, 6518, 6508, 6712, 6683, 6718, 6309, 6717]]
lfn_id=3821 full_street_name=Lascelles Blvd num_paths=2 paths:
  --> [[1042, 1043, 1047, 561, 612, 459], [790, 687]]
lfn_id=3828 full_street_name=Lawrence Ave E num_paths=4 paths:
  --> [[1873, 5828], [4350, 2245, 2089], [3073, 4697, 2346, 2311, 2307, 2294, 3745, 3935, 5824, 5835, 5117, 2342, 2427, 3001], [5324, 2412, 2422, 2946, 2968]]
lfn_id=3856 full_street_name=Lindsey Ave num_paths=2 paths:
  --> [[5931, 3980, 902, 584], [4189, 4085]]
lfn_id=3948 full_street_name=Mayfield Ave num_paths=2 paths:
  --> [[1588, 3716, 3715], [5199]]
lfn_id=4142 full_street_name=Palmerston Ave num_paths=3 paths:
  --> [[534, 618, 4082, 795, 794, 840, 5471, 841], [827, 1054, 1055], [4149, 1128, 1127, 1109, 4145, 1086, 1003, 1137, 4040, 4043, 4070, 5158, 5154, 1178]]
lfn_id=4237 full_street_name=Queen St E num_paths=2 paths:
  --> [[1858, 4326, 2016, 1953, 2017, 2018, 4337, 4388, 1583, 1498], [1939, 4285]]
lfn_id=4388 full_street_name=Shaw St num_paths=2 paths:
  --> [[2926, 919, 920, 921, 1117, 4170, 4171, 6026, 6025, 4918, 6564, 6385, 4120, 6566, 6562, 6558, 6567, 6386, 6556, 6586, 6565, 6561, 6568, 6587, 6559, 6584, 6560, 6557, 6585, 6563, 679, 659, 1025, 1063, 1026, 1091, 1092, 4157, 968, 969, 970, 4088, 797, 4081, 788, 862, 4129, 869, 864, 870, 988], [1225]]
lfn_id=4519 full_street_name=Swanwick Ave num_paths=3 paths:
  --> [[4348, 1424, 4223, 1478, 4222, 1477], [1534, 1524, 1523, 1457, 1458, 1456, 1455, 1454, 1499, 4278, 1980], [2003]]
lfn_id=4733 full_street_name=Yonge St num_paths=3 paths:
  --> [[838], [1726, 5814, 4153, 1274, 1263, 1264, 1265, 1344, 1345, 1313, 1312], [2589]]
lfn_id=5589 full_street_name=Finch Ave E num_paths=2 paths:
  --> [[2541, 2540, 2463, 2462, 4725, 189, 2058], [5538]]
lfn_id=6195 full_street_name=McNicoll Ave num_paths=3 paths:
  --> [[2514, 4522, 2528, 2607, 2536, 2535, 2534, 4494, 2558, 2559, 2530, 2537, 4509, 2500, 4478, 2504, 2469, 2979, 2978, 4546, 2648, 2627, 2477, 2478, 2527, 2872, 2825, 3409, 3075, 3074, 4813, 3068, 5084], [5291, 2506, 4496, 2523, 2498, 2497, 4471, 6607, 4492], [2554, 2513, 2512, 2657]]
lfn_id=6708 full_street_name=Shoreham Dr num_paths=2 paths:
  --> [[6249], [6755, 6535]]
lfn_id=6792 full_street_name=Steeles Ave E num_paths=3 paths:
  --> [[4464, 2429], [5295, 5296, 2486, 3756, 2551, 2552], [2685, 2616, 2617]]
lfn_id=7654 full_street_name=Coronation Dr num_paths=2 paths:
  --> [[2334, 2329, 2335, 2344, 2488, 2487, 2490, 2408, 2336, 2409, 2467], [2509]]
lfn_id=8257 full_street_name=Kingsbury Cres num_paths=2 paths:
  --> [[4217, 1453], [6125]]
lfn_id=8501 full_street_name=Military Trl num_paths=2 paths:
  --> [[6543, 2418, 2297, 2298], [5330]]
lfn_id=9169 full_street_name=Viewbank Rd num_paths=3 paths:
  --> [[4268, 1429, 4267], [1452], [1471]]
lfn_id=9260 full_street_name=Wood Glen Rd num_paths=2 paths:
  --> [[2930, 1592], [2740]]
lfn_id=9580 full_street_name=Planning Boundary num_paths=4 paths:
  --> [[547], [2157, 1144], [2882], [6083]]
lfn_id=9786 full_street_name=St George St num_paths=2 paths:
  --> [[1008, 1007, 1062, 1014, 1246, 5070, 5092, 4020, 4021, 4013, 883, 863], [4126]]
lfn_id=10252 full_street_name=Old Finch Ave num_paths=2 paths:
  --> [[5486, 4455, 2461, 2473, 2437, 2438, 537, 2578, 2430, 493, 2476, 2471], [4481, 5299, 5298, 5297, 2539, 2520, 3121, 3256]]
lfn_id=10900 full_street_name=Tommy Thompson Pk num_paths=5 paths:
  --> [[4766, 1314, 1318, 4141, 1125], [1797, 1795, 4192, 4183, 1335, 4141, 1125], [1797, 1796, 1406, 3515], [3396, 4897, 3516], [3782]]
lfn_id=11152 full_street_name=Lake Promenade num_paths=2 paths:
  --> [[5191, 1, 2, 5192, 90, 3833, 3006, 4815, 86, 3619, 3620], [84, 81, 80, 67, 5077, 5078]]
lfn_id=11360 full_street_name=Spring Rd num_paths=3 paths:
  --> [[3037, 5570, 6130], [3038, 5570, 6130], [6419]]
lfn_id=11373 full_street_name=Avenue Of The Islands num_paths=2 paths:
  --> [[6754, 6684, 6252, 6335, 6438, 6437, 6452, 6436, 6407], [6754, 6684, 6252, 6335, 6438, 6437, 6452, 6436, 6435, 6352]]
lfn_id=11382 full_street_name=Trinity Dr num_paths=2 paths:
  --> [[1220, 1222], [5285, 5663]]
lfn_id=13958 full_street_name=Silver Dart Dr num_paths=2 paths:
  --> [[298], [3704]]
lfn_id=15826 full_street_name=Fort York Blvd num_paths=2 paths:
  --> [[5075, 2833, 2952, 2831, 69, 4620, 3333, 5178, 2951], [6196, 3928, 2362, 5688, 3774, 6002, 5804, 6292]]
lfn_id=18545 full_street_name=Ww N Lawrence E Varna num_paths=2 paths:
  --> [[815], [4381]]
lfn_id=19097 full_street_name=Esther Shiner Blvd num_paths=2 paths:
  --> [[2774], [6209, 6210, 3056]]
lfn_id=19148 full_street_name=Milliken Park Trl num_paths=5 paths:
  --> [[5801, 5786, 3182, 4727, 2982, 5719, 5803, 5798, 5805, 5802, 5716, 5316], [5801, 5786, 3182, 4838, 5719, 5803, 5798, 5805, 5802, 5716, 5316], [5304, 5317, 5718, 5717, 5322], [5801, 5786, 3182, 4727, 5442, 5371, 5521], [5801, 5786, 5781, 5799, 5800, 5715, 5316]]
lfn_id=19149 full_street_name=Humber Creek Trl num_paths=7 paths:
  --> [[3490, 3115, 3113], [3543, 3491, 3529, 3492, 5002], [3528], [3573, 3491, 3529, 3492, 5002], [4995, 3599], [3490, 4975, 3660], [4950, 4875, 3529, 3492, 5002]]
lfn_id=19152 full_street_name=Mimico Creek Trl num_paths=19 paths:
  --> [[3000, 5729, 5730], [3067, 3718, 3700, 3713, 4689], [5782, 3117, 3119, 3134, 5811], [3222, 3323, 4685, 5729, 5730], [5653, 5197, 3325, 4780], [5815, 3335, 3657, 4953], [4898, 3351, 3415, 4982, 3323, 4685, 5729, 5730], [3425, 4882, 3415, 4982, 3323, 4685, 5729, 5730], [3537, 3426, 4882, 3415, 4982, 3323, 4685, 5729, 5730], [3442, 3598, 3415, 4982, 3323, 4685, 5729, 5730], [3597, 4917, 4882, 3415, 4982, 3323, 4685, 5729, 5730], [3698, 3699, 3703, 3717, 3713, 4689], [4986, 3729], [5757, 3800, 4797, 4648, 4649, 3699, 3703, 3717, 3713, 4689], [3067, 3718, 4923, 4689], [5720, 5728], [5772, 5773, 5730], [5789], [6792, 6791]]
lfn_id=19154 full_street_name=Colonel Sam Smith Park Trl num_paths=11 paths:
  --> [[6578, 6575, 6580, 4635, 6579, 6476, 6573, 6600, 3521, 3522, 6576, 6577, 3636, 3637, 3546, 2922], [6578, 6575, 6580, 4635, 6579, 6476, 6573, 6600, 3521, 3522, 6576, 6577, 3636, 3637, 3546, 3091, 3659, 2923], [6578, 6575, 6580, 4635, 3474], [6578, 6575, 6580, 4635, 6579, 6476, 6573, 6600, 3521, 3545, 3635], [6578, 6575, 6580, 4635, 6579, 6476, 6573, 6600, 3547, 6576, 6577, 3636, 3637, 3546, 2922], [6578, 6575, 6580, 4635, 6579, 6476, 6573, 6600, 3521, 3522, 6576, 6577, 3636, 3637, 3546, 3091, 3659, 4625, 3571], [6578, 6575, 6580, 4635, 6579, 6476, 6573, 6600, 3521, 3522, 6576, 6577, 3636, 4974, 3658, 3546, 2922], [6578, 6575, 6580, 4635, 6579, 6476, 6573, 6600, 3521, 3522, 6576, 6577, 3636, 3637, 3546, 3091, 4939, 3571], [5015, 5161], [5159, 5160], [6477, 6475, 6574, 6581, 3658, 3546, 2922]]
lfn_id=19155 full_street_name=Waterfront Trl num_paths=12 paths:
  --> [[3088], [3431, 3314, 6295, 3811], [3444, 4938], [3655], [3832, 5487], [4901, 4894, 5466, 5467, 5444, 5489, 5403], [6737, 6478, 4952, 6479, 6685, 6643], [4901, 4894, 5466, 5467, 5444, 5489, 5488, 5404], [5783], [5962, 5959, 5958, 6011, 6012], [6737, 6603, 6282, 6281], [6355]]
lfn_id=19157 full_street_name=Eglinton Ave West Trl num_paths=3 paths:
  --> [[4793, 4743, 3213], [3239], [5643, 5619, 5598, 5533, 5046, 5438, 3577, 5597, 5618, 5644, 5351, 3548, 3569, 4811, 3507, 3508, 3512, 3509, 3542, 3513, 3510, 3511, 3475, 3523, 3666, 3640, 4944, 3460, 3459]]
lfn_id=19158 full_street_name=Elmcrest Creek Trl num_paths=11 paths:
  --> [[3071, 4788, 3315], [3486, 3461, 3221, 4864, 3407, 3408, 3297], [3486, 3223, 3463, 3465], [3486, 3461, 3464, 3462, 3324, 4899, 3350], [3071, 4788, 4778, 6532, 6739, 6741, 6731, 6742, 3353, 3514, 4633, 5941, 5879, 3907], [3486, 3461, 3464, 3462, 3404, 3408, 3297], [3683, 3686, 5000], [4393, 6077, 4965, 5086], [3486, 3223, 3463, 4863], [3486, 3461, 3464, 3462, 3404, 3408, 4906], [6642, 6634, 6633, 4864, 3407, 3408, 3297]]
lfn_id=19159 full_street_name=Etobicoke Creek Trl num_paths=5 paths:
  --> [[3747, 4996, 4860, 3743, 3496, 3495, 4870, 3317, 3485], [3747, 3527, 3526], [3747, 4996, 4860, 3743, 3496, 3495, 4976], [3747, 4996, 4860, 3743, 5020], [5865]]
lfn_id=19160 full_street_name=Humber Bay Park East Trl num_paths=8 paths:
  --> [[2919, 6469, 2920, 4867, 6429, 6305, 6321, 6323, 6304, 6303, 6322, 6320, 6444, 6443, 6468], [2919, 6469, 2920, 4867, 6429, 6305, 6321, 6323, 6304, 6303, 6322, 6320, 6444, 6443, 6468, 3078, 5007, 4664], [5006, 3610, 3320], [3328], [3347], [4868, 3503, 3702, 4867, 6429, 6305, 6321, 6323, 6304, 6303, 6322, 6320, 6444, 6443, 6468, 2919, 6469, 2920], [5006, 3610, 3607, 3608, 6430, 6428, 6591, 6597, 6592, 6481], [5006, 3609, 3608, 6430, 6428, 6591, 6597, 6592, 6481]]
lfn_id=19162 full_street_name=East Highland Creek Trl num_paths=20 paths:
  --> [[5596, 5369, 3193, 6808, 6807, 6798, 3093, 6510, 2697], [4824, 2973, 4729, 2908], [4662, 4731, 2918], [4730, 2971, 2949], [4854, 3201, 4829, 3064], [4824, 2973, 4719], [5447, 5465, 5448, 5453, 6498, 6496, 5446], [5447, 5465, 5448, 5453, 6498, 6496, 5449], [5447, 5450], [5454, 5453, 6498, 6496, 5446], [5447, 5465, 5455, 6498, 6496, 5446], [5505, 5472, 6393, 6391, 5490, 6499, 6497], [5522, 6681, 5511, 5504, 6390, 6389, 6392, 5491, 6499, 6497], [5505, 5503, 5502, 5591], [5522, 6681, 5511, 5506, 5507, 5472, 6393, 6391, 5490, 6499, 6497], [5505, 5503, 5510, 6393, 6391, 5490, 6499, 6497], [5512, 5507, 5472, 6393, 6391, 5490, 6499, 6497], [5522, 6681, 5511, 5504, 6390, 6389, 6392, 5585, 5490, 6499, 6497], [5522, 6681, 5586, 6390, 6389, 6392, 5491, 6499, 6497], [5596, 5369, 3193, 6808, 6807, 6798, 3093, 6511, 6526]]
lfn_id=19163 full_street_name=Black Creek Trl num_paths=18 paths:
  --> [[5924, 5916, 3279, 4786, 4948, 4874, 3008, 3007, 3706, 3705, 2976, 3540, 3005], [5246, 3664, 3080], [3128, 3007, 3706, 3705, 2976, 3540, 3005], [3251, 6402, 6372, 3190], [4800, 3191], [3251, 6402, 6372, 3242, 3241], [5924, 5916, 3279, 4786, 4948, 4874, 3008, 3007, 3706, 3705, 2976, 3540, 3441, 3440, 3273, 4771], [5279, 3383, 3382, 3391], [3468, 5574, 5093, 5476, 5394, 5517, 4742, 5395, 4911, 4741, 5067], [3468, 5574, 5093, 5476, 5394, 5517, 4742, 5395, 4959, 3469, 4876], [5246, 3664, 3682, 5229, 5231, 6158, 6155, 6157, 6126, 6826], [5924, 5916, 3279, 4761], [3251, 6402, 6372, 3242, 4801, 3191], [5924, 5916, 3279, 4786, 4948, 4874, 4806, 3706, 3705, 2976, 3540, 3005], [5279, 3383, 3382, 4836], [4916, 3382, 3391], [6736, 6735, 5848, 6127, 6156, 6157, 6126, 6826], [6745, 6757, 6756]]
lfn_id=19164 full_street_name=Humber Bay Park West Trl num_paths=5 paths:
  --> [[3418], [3443], [5790, 5739, 5738], [5790, 5791, 6636], [6615]]
lfn_id=19168 full_street_name=Ashbridges Bay Park Trl num_paths=4 paths:
  --> [[5866, 6666, 6667, 3432, 3429, 3430, 5910, 3807, 5928, 6663, 6656], [4759, 4844, 5909, 4765, 3806, 4760, 5910, 3807, 5928, 6663, 6656, 3429, 3430], [4755, 4760, 5910, 3807, 5928, 6663, 6656, 3429, 3430], [5866, 6666, 6667, 4817]]
lfn_id=19169 full_street_name=Beltline Trl num_paths=25 paths:
  --> [[3734, 6029, 5534, 3493, 5990, 4165, 5985, 5991, 5992, 732, 5975, 5974, 3419, 3420, 4802], [2941, 3072, 3179, 3219, 3192, 3181], [3483, 3471, 3337, 4998, 3712, 3711, 3369, 3421, 3112, 3358, 3357, 4879, 3771], [3180, 3224, 3179, 3219, 3192, 3181], [2941, 3072, 3179, 3219, 3192, 4814, 4902, 3229, 4936], [3389, 3395, 3388, 3393, 3304, 3330, 3360], [3327, 4674, 3312, 3313, 3336, 4999, 3337, 4998, 3712, 3711, 3369, 3421, 3112, 3358, 3357, 4879, 3771], [3326, 6169, 6076, 6075], [3389, 3395, 3388, 3393, 3304, 4752, 4754, 3394, 3387], [3392, 4753, 3330, 3360], [3472, 4999, 3337, 4998, 3712, 3711, 3369, 3421, 3112, 3358, 3357, 4879, 3771], [3482, 4999, 3337, 4998, 3712, 3711, 3369, 3421, 3112, 3358, 3357, 4879, 3771], [3494, 5990, 4165, 5985, 5991, 5992, 732, 5975, 5974, 3419, 3420, 4802], [4756, 3549, 4987, 3600, 3550, 3551, 3594, 3552, 4988, 3593, 4991, 3553], [4945, 3649], [5085, 6087, 6088, 4989, 5037, 4935, 5034, 4825, 3654, 6108, 6100, 6102, 6097, 6096, 3650], [6765, 4643, 4715, 6758], [4737], [4783, 4747], [4851, 4940], [6027, 6023, 5988, 5984, 6030, 6031, 5989, 3493, 5990, 4165, 5985, 5991, 5992, 732, 5975, 5974, 3419, 3420, 4802], [6085, 6079, 6078], [6085, 6086], [3326, 6169, 6076, 6170, 6088, 4989, 5037, 4935, 5034, 4825, 3654, 6108, 6100, 6102, 6097, 6096, 3650], [6767]]
lfn_id=19171 full_street_name=Brookbanks Park Trl num_paths=11 paths:
  --> [[3631, 3630, 3576, 2209, 3673, 3672, 3506], [3135, 3480, 3506], [3651, 3530], [3560, 4862, 3667], [3631, 3630, 3632], [4951, 4789, 3633, 3630, 3576, 2209, 3673, 3672, 3506], [3560, 4862, 6036, 6040, 6034, 6037, 3668, 3669], [3560, 4862, 6036, 6040, 6034, 6037, 3906, 3905], [3560, 4862, 6036, 6040, 6034, 6037, 6035, 6049, 6039, 6038], [6164, 6039, 6038], [6166, 6165, 3672, 3506]]
lfn_id=19176 full_street_name=Duncairn Park Trl num_paths=12 paths:
  --> [[2894, 3148], [2894, 3149, 2938, 4627], [4682, 3140, 3018], [3105, 4688, 3166, 3167, 4723, 3027, 3047, 3155, 3048, 4803, 4847, 3148], [3146, 3048, 4803, 4847, 3148], [3147, 3018], [3105, 4688, 3166, 3167, 4723, 3027, 3047, 3289, 4803, 4847, 3148], [3105, 4688, 3166, 3167, 4723, 4693], [3105, 4688, 3166, 3167, 4699, 3140, 3018], [3105, 4739, 3167, 4699, 3140, 3018], [4848, 4627], [3146, 3048, 4803, 4849, 2938, 4627]]
lfn_id=19177 full_street_name=Duncan Creek Trl num_paths=8 paths:
  --> [[3178, 3252, 5694, 3766], [4913, 3253, 5694, 3766], [3301, 4924], [4667, 3302, 3303, 4924], [3178, 3252, 5694, 5671, 3768], [4807, 4763, 3252, 5694, 3766], [3301, 5005], [3178, 3252, 5694, 5671, 5670, 3303, 4924]]
lfn_id=19178 full_street_name=Earl Bales Park Trl num_paths=4 paths:
  --> [[3123, 3212, 3087, 6328, 6394, 6408, 6329, 5925, 3878, 3186], [6016, 6010, 6017, 4704, 3878, 3186], [3123, 4762], [6453, 6451, 6328, 6394, 6408, 6329, 5925, 3878, 3186]]
lfn_id=19179 full_street_name=East Don River Trl num_paths=27 paths:
  --> [[5341, 5281, 3585, 5016, 3555, 4943, 3524, 3605, 4861, 5834, 2780], [3076, 3028, 3533, 3250], [3076, 3046, 3077], [3535, 3370, 3458, 3625, 3626, 4981, 4790, 3518, 6403, 6387], [3535, 3371, 3457, 3458, 3625, 3626, 4981, 4790, 3518, 6403, 6387], [3499, 3386], [5838, 6344, 6342, 6404, 6343, 3452, 4782], [3535, 3370, 3458, 3625, 3626, 5090, 3470, 4640, 3028, 3533, 3250], [5341, 5281, 3585, 5016, 3555, 4943, 3524, 3605, 4861, 5834, 5818, 5008, 3500, 4891, 3386], [3501, 4892, 4877, 5016, 3532], [5341, 5281, 3585, 5016, 3555, 4943, 3524, 3605, 4861, 5834, 5818, 3531], [3536, 4839, 4961, 3457, 3458, 3625, 3626, 4981, 4790, 3518, 6403, 6387], [3627, 3626, 4981, 4790, 3518, 6403, 6387], [3701], [5838, 4411], [4805], [4865], [3501, 4892, 4878], [5341, 5281, 3585, 5016, 3555, 4943, 3524, 3605, 4861, 5834, 5818, 5008, 4983, 4890], [3535, 3370, 3458, 3625, 3626, 5090, 4973, 4640, 3028, 3533, 3250], [5341, 5281, 3585, 5016, 3555, 5659, 5164], [5682, 5693, 5691, 5784, 5690, 5692, 5785, 5169, 5700, 5844, 5836], [5196, 5655, 4861, 5834, 2780], [5451, 6261, 3518, 6403, 6387], [5682, 5693, 5691, 5784, 5690, 5692, 5780], [5837], [6311, 6297]]
lfn_id=19181 full_street_name=East Point Park Trl num_paths=2 paths:
  --> [[6353, 4900], [6353, 5520, 5045]]
lfn_id=19188 full_street_name=G Ross Lord Park Trl num_paths=12 paths:
  --> [[3079, 3095, 5733, 5732, 2983, 3025, 4722, 2893, 3275, 2889, 2956, 2957, 2891], [3079, 3095, 5733, 5732, 2983, 3025, 4722, 2893, 4970, 2890], [3079, 3095, 5733, 5732, 2983, 3025, 4722, 2893, 3275, 2889, 2956, 2957, 3274, 3618, 2958, 2990, 2892], [3079, 3095, 5733, 5732, 2983, 2981, 3026, 4907, 4726, 4971, 4694, 3617], [3079, 3095, 5733, 5732, 2983, 3025, 2995, 3026, 4907, 4726, 4971, 4694, 3617], [3079, 3095, 5733, 5732, 2983, 3025, 4722, 2893, 3275, 2889, 2956, 2957, 3274, 3618, 2958, 2990, 4925, 4960, 3519], [3079, 3095, 5733, 5732, 2983, 3025, 4722, 2893, 4970, 3616, 2990, 2892], [5232, 5311, 5218, 3095, 5733, 5732, 2983, 2981, 3026, 4907, 4726, 4971, 4694, 3617], [5227, 5228], [6146, 6073, 5230], [3079, 3095, 5733, 5743, 5737, 5244, 5318, 5243], [5260]]
lfn_id=19190 full_street_name=Gatineau Hydro Corridor Trl num_paths=20 paths:
  --> [[5220, 4746, 2937, 3036, 2936, 3867], [5286, 2996], [5277, 5422, 5423, 5287, 5421, 3099, 3100, 4816, 5294], [3671, 5257, 3665, 5344, 5345, 5346, 5347, 5348, 5263, 5262, 5187, 5256, 5349, 5350, 3670, 5247, 5282, 5306, 5305, 5043, 6154, 6555], [5267, 5359, 5215, 5265, 5272, 5358, 3900, 5656, 5168, 5167, 5166, 5654], [3936, 5240], [5245, 5251, 5044, 6056, 6145], [5165], [5267, 5359, 5215, 5265, 5272, 5217, 5216], [5219], [5224, 5280], [5600, 5616, 5233], [5270], [5288, 5289], [5290, 5416, 5417, 5332, 5314, 5313], [5277, 5293], [5300], [5321, 5320], [5407, 5217, 5216], [5615]]
lfn_id=19192 full_street_name=Guildwood Park Trl num_paths=2 paths:
  --> [[5617, 5875], [5863, 5862]]
lfn_id=19193 full_street_name=High Park Trl num_paths=3 paths:
  --> [[3101, 2989, 4745, 6417, 6630, 6637, 6628, 6631, 2962], [3101, 2989, 4745, 6418, 6434, 3675, 6307, 6294], [3101, 2989, 4745, 6417, 6630, 6637, 6628, 6631, 4942]]
lfn_id=19194 full_street_name=Highland Creek Trl num_paths=13 paths:
  --> [[2997, 2961, 5758, 4571, 5788, 3092, 5686, 2176], [2997, 2961, 5758, 5764, 2948, 2966, 4703, 4837, 2865, 4668, 4669, 4770, 4735, 2912, 2921, 6719], [2997, 2961, 5758, 5764, 2948, 2910], [3368, 2927, 4671], [6720, 2940, 6129, 6128], [6308, 4946, 2945, 3427, 4673, 3727], [6720, 2955], [5137, 4707], [4768, 4837, 2865, 4668, 4669, 4770, 4735, 2912, 2921, 6719], [4781, 3427, 4673, 3727], [2997, 2961, 5758, 5764, 2948, 2966, 4703, 4837, 2865, 4668, 4669, 4770, 4735, 5366], [6406, 6326], [6709]]
lfn_id=19195 full_street_name=Lake Shore Blvd East Trl num_paths=7 paths:
  --> [[3176, 3141, 3194, 4884, 3175, 3390, 3381, 5380, 5384, 5206, 5208, 5207, 3240, 4785, 3214, 3203, 3249, 4827, 3174, 4716, 3254, 5906, 5896, 5911, 5898, 5903, 5914, 5913, 5895, 4675], [4842, 3195, 3194, 4884, 3175, 3390, 3381, 5380, 5384, 5206, 5208, 5207, 3240, 4785, 3214, 3203, 3249, 4827, 3174, 4716, 3254, 5906, 5896, 5911, 5898, 5903, 5914, 5913, 5895, 4675], [3438, 3428, 3439, 3215, 3203, 3249, 4827, 3174, 4716, 3254, 5906, 5896, 5911, 5898, 5903, 5914, 5913, 5895, 4675], [3696, 3697, 3278, 3276, 3277, 4827, 3174, 4716, 3254, 5906, 5896, 5911, 5898, 5903, 5914, 5913, 5895, 4675], [3176, 3141, 3194, 4884, 3175, 3390, 3381, 5380, 5384, 5206, 5208, 5207, 3240, 4785, 3214, 3203, 3249, 4827, 3174, 4716, 3566], [3176, 3141, 3194, 4884, 3175, 3390, 3381, 5380, 5396, 5387, 5397, 5385, 5386], [3176, 3141, 3194, 4884, 3175, 3390, 3381, 5380, 5384, 5206, 5208, 5207, 3240, 4785, 3214, 3203, 3249, 4827, 5393]]
lfn_id=19199 full_street_name=L'Amoreaux Steeles Recreation Trl num_paths=8 paths:
  --> [[4690, 2984, 5367, 5368, 5340], [5372, 5376, 3032, 3070, 3035, 3034, 3033], [5372, 5376, 4846, 4787], [4690, 2984, 5367, 5368, 5401, 5373, 5376, 3032, 3070, 3035, 3034, 3033], [4690, 2984, 5367, 5375, 5374, 5340], [5372, 5377, 5412], [5402, 5368, 5340], [4690, 2984, 5367, 5375, 5477, 5411]]
lfn_id=19201 full_street_name=Wilket Creek Trl num_paths=14 paths:
  --> [[5982, 5983, 6001, 6000, 6022, 5986, 5978, 3923, 5004, 1817], [2896, 2901, 3016, 3272], [4710, 2902, 2900, 2901, 3016, 3272], [3159, 3160, 4831, 3161, 3021, 4810, 2987, 4795, 4833, 3049, 4791], [3159, 3160, 4831, 3161, 3023, 3020], [3159, 3160, 4831, 3161, 3023, 3022, 4810, 2987, 4795, 4833, 3049, 4791], [3159, 3160, 4831, 3161, 3021, 4810, 2987, 4795, 4833, 3050], [3159, 3160, 4831, 3161, 3021, 4810, 3051, 4858, 4795, 4833, 3049, 4791], [5982, 5983, 6001, 6000, 6022, 6021, 5987, 3157, 3158, 3162, 4831, 3161, 3021, 4810, 2987, 4795, 4833, 3049, 4791], [2896, 2901, 3016, 4926, 4927, 3259, 3260, 4887], [2896, 2901, 3016, 4926, 4927, 3299, 3329, 3298], [5982, 5983, 6001, 6000, 6022, 6021, 5987, 3157, 3158, 4830, 3160, 4831, 3161, 3021, 4810, 2987, 4795, 4833, 3049, 4791], [3159, 3160, 4831, 3161, 3021, 4810, 3051, 4859], [2896, 2901, 3016, 4926, 4927, 3299, 3329, 4932]]
lfn_id=19204 full_street_name=Littles Park Trl num_paths=3 paths:
  --> [[2992], [4732, 3293], [4732, 3294]]
lfn_id=19205 full_street_name=Lower Don River Trl num_paths=5 paths:
  --> [[6714, 4931, 6824, 6829, 2879, 4705, 3188, 4933, 3234], [3150, 3233, 3397, 3143, 3142, 6648, 3780, 6296, 3197, 6822, 3103, 4769, 3606, 3562, 3231, 3281, 3282, 4728, 5254, 3850, 4826, 3204, 3270, 3271, 3269, 4937, 4880, 3280, 3433, 4869, 6800, 6738, 6733, 6821, 6523, 6530, 6531], [5030, 3232, 4750, 3397, 3143, 3142, 6648, 3780, 6296, 3197, 6822, 3103, 4769, 3606, 3562, 3231, 3281, 3282, 4728, 5254, 3850, 4826, 3204, 3270, 3271, 3269, 4937, 4880, 3280, 3433, 4869, 6800, 6738, 6733, 6821, 6523, 6530, 6531], [3814, 5024, 5027], [3150, 3233, 3397, 3143, 3142, 6648, 3780, 6296, 3197, 6822, 3103, 4769, 3606, 3562, 3231, 3281, 3282, 4728, 5254, 3850, 4826, 3204, 3270, 3271, 3269, 4937, 4880, 3280, 3433, 4869, 6800, 6738, 6734]]
lfn_id=19206 full_street_name=Martin Goodman Trl num_paths=29 paths:
  --> [[5107, 5101, 3695, 3694, 5022, 3288, 4714, 3257, 3264, 6665, 6673, 6655, 6664, 6672, 5636, 5635, 5637, 5634, 6647, 6784, 5768, 6771, 3451, 6646, 1644, 6657, 6660, 1642, 6764, 6769, 6659, 6658, 5632, 5633, 5767, 6783, 6786, 6760, 6785, 6763], [2994, 3187, 3726], [5180, 3089, 4852, 3416, 3339, 3338, 4972, 4820, 5631, 5041, 5039, 5042], [3138, 3187, 3726], [3217, 3218, 3377, 3367, 3384], [5107, 5101, 3695, 3694, 5022, 3255], [3720, 5028, 6696, 3721, 5249, 6687, 6676, 3719, 6686, 6699, 6677, 6697, 3504, 3629, 6688, 6698, 6700, 3575, 3950, 6827, 5920], [3505, 3613], [3720, 5028, 6696, 3721, 5249, 6687, 6676, 3719, 6686, 6699, 6677, 6697, 3504, 3629, 6688, 6698, 6700, 3614, 3613, 3505], [3621], [3613, 3505, 3623, 3622, 3624, 3738, 3691, 3728], [5564, 5361, 5391, 5424, 6367, 6388, 6365, 6366, 3846, 5584, 5555], [5972, 5484, 5526, 4905, 5524, 5525, 6501], [3217, 3218, 3377, 5537, 4922], [5063, 5179], [5107, 5100], [5972, 5484, 6463, 5108], [6778, 5518, 5120, 5116, 5114, 5119], [5564, 5565, 5135, 5131, 5130], [5564, 5565, 5135, 5131, 5132], [5564, 5565, 5135, 5131, 5140, 5136], [5564, 5565, 5135, 5131, 5140, 5141], [3720, 5028, 6696, 3721, 5249, 6687, 6676, 3719, 6686, 5172], [5564, 5389], [5390], [5392, 5391, 5424, 6367, 6388, 6365, 6366, 3846, 5584, 5555], [5107, 5101, 3695, 3694, 5022, 3288, 4714, 3257, 3264, 6665, 6673, 6655, 6664, 6672, 6770, 6761, 5445], [6462, 5526, 4905, 5524, 5525, 6501], [6780, 6781]]
lfn_id=19209 full_street_name=Newtonbrook Park Trl num_paths=2 paths:
  --> [[3539], [4962]]
lfn_id=19210 full_street_name=West Highland Creek Trl num_paths=35 paths:
  --> [[3109, 3108, 3110, 5765, 5766, 2867], [2873, 2874, 6819, 6817, 6823], [2876, 4645, 2878, 5664, 5057, 5702, 4644, 3110, 5765, 5766, 2867], [4819, 3052, 4696, 3120, 4639, 2905], [6059, 6057, 6050, 6081, 6052, 6070, 2907, 3410, 4646, 5200, 6054, 6053], [4819, 3185, 4734, 2911], [6654, 5523, 3783, 6529, 6512, 6493, 3216, 2977, 5736, 5726, 5745, 5735, 5456], [6059, 6057, 6050, 6081, 6052, 6070, 2907, 3410, 4679, 4856, 3124, 2999, 4794, 3055, 5771, 4893, 3009], [6513, 6489, 6503, 5492, 6624, 5494, 5457, 6649, 3295, 5408, 6502, 6494, 5497, 6495, 6515, 3041, 5745, 5735, 5456], [3053, 3757, 5032, 5009], [3054, 4678], [6059, 6057, 6050, 6081, 6052, 6070, 2907, 3410, 4679, 4856, 3124, 2999, 4794, 3055, 5771, 4893, 3059, 5775, 3949, 3948, 4834], [4819, 3052, 4696, 3120, 4665, 3085], [3210, 4628, 3111], [5979, 3198, 3410, 4646, 5200, 6054, 6053], [3053, 3757, 5062, 4676, 5779, 5787, 5059, 4841, 3211, 5452, 5418], [6059, 6057, 6050, 6051, 6058, 3414, 3265], [3266, 4645, 2878, 5664, 5057, 5702, 4644, 3110, 5765, 5766, 2867], [6059, 6057, 6050, 6081, 6052, 6070, 2907, 3410, 4679, 4856, 3124, 2999, 4794, 3055, 5771, 4893, 3059, 5775, 5809, 5731, 6801, 6416, 6433, 3412, 4721, 3411, 3413, 6819, 6817, 6823], [6059, 6057, 6050, 3871], [6059, 6057, 6050, 6081, 6052, 6070, 2907, 3410, 4679, 5963, 4651, 3872, 5964], [6059, 6057, 6050, 6081, 6052, 6070, 2907, 3410, 4679, 4856, 3124, 2999, 4794, 3055, 5771, 4893, 3059, 5775, 3949, 3948, 5501, 3947], [5734, 4656, 5664, 5057, 5702, 4644, 3110, 5765, 5766, 2867], [6059, 6057, 6050, 6081, 6052, 6070, 2907, 3410, 4679, 4856, 3124, 2999, 4794, 3055, 5771, 4893, 3059, 5775, 5809, 5731, 6801, 6416, 6433, 3412, 4721, 4804], [6654, 5523, 3783, 6529, 6512, 6493, 3216, 5725, 5723, 5083, 5498, 5500], [6513, 6489, 6503, 5492, 6624, 5494, 5457, 6649, 3295, 5408, 6502, 6494, 6743, 6625, 5419, 6514], [6513, 6489, 6503, 5492, 6624, 5494, 5457, 6649, 3295, 5408, 6502, 6494, 5497, 6495, 6515, 3041, 6796, 6797, 5740, 5721, 5744, 5493, 5722, 5724, 5746], [6654, 5523, 3783, 6529, 6512, 6493, 3216, 5725, 5723, 5083, 5499], [5513, 5457, 6649, 3295, 5408, 6502, 6494, 5497, 6495, 6515, 3041, 5745, 5735, 5456], [3053, 3757, 5062, 4676, 5779, 5787, 5059, 4841, 3211, 5452, 5554], [5674, 5673, 5702, 4644, 3110, 5765, 5766, 2867], [5749, 5723, 5083, 5498, 5500], [6045, 6044, 3198, 3410, 4646, 5200, 6054, 6053], [6513, 6489, 6503, 6626, 6649, 3295, 5408, 6502, 6494, 5497, 6495, 6515, 3041, 5745, 5735, 5456], [6722, 6711, 6710, 6624, 5494, 5457, 6649, 3295, 5408, 6502, 6494, 5497, 6495, 6515, 3041, 5745, 5735, 5456]]
lfn_id=19211 full_street_name=West Don River Trl num_paths=16 paths:
  --> [[4691, 4758, 3739, 3236, 3244, 4796, 3227, 2985, 3013], [3290, 6465, 6464, 3177, 3238, 2988], [4691, 4758, 3739, 3236, 3244, 4796, 3227, 3012, 4840, 4821, 3331, 3332, 3208, 3791], [4855, 3565, 3559, 3402, 4886, 3567, 3568, 6773, 6776, 3344, 6775, 6774, 4885, 3225, 3707, 4964], [4691, 4758, 3739, 3236, 3244, 4796, 3227, 2985, 3261, 4840, 4821, 3331, 3332, 3208, 3791], [4691, 4758, 3739, 3236, 3244, 4796, 3227, 3012, 4840, 4821, 3331, 3332, 3262, 4822, 6147, 6148], [3290, 6465, 6464, 3177, 3238, 3283, 3285, 4757, 3284, 4767, 3236, 3244, 4796, 3227, 2985, 3013], [4691, 3287, 3286, 4767, 3236, 3244, 4796, 3227, 2985, 3013], [4855, 3565, 3559, 3402, 4886, 3403, 3751, 3688], [4855, 3565, 3559, 3402, 4886, 3567, 3568, 6773, 6776, 3344, 6775, 6774, 4885, 3225, 4808], [3290, 6465, 6464, 4828], [3290, 6465, 6464, 3177, 3238, 3283, 4843, 4757, 3284, 4767, 3236, 3244, 4796, 3227, 2985, 3013], [4921, 4904], [6552, 6345], [3290, 6465, 6690], [6814, 6813]]
lfn_id=19212 full_street_name=Trinity Bellwoods Park Trl num_paths=4 paths:
  --> [[5957, 2163], [6009, 5661, 5662, 6015], [6013, 5952, 5951, 5953], [5993]]
lfn_id=19213 full_street_name=Terry Fox Park Trl num_paths=2 paths:
  --> [[3139], [6805, 6806]]
lfn_id=19214 full_street_name=Taylor Creek Trl num_paths=25 paths:
  --> [[2967, 2924, 4660, 4659, 4613], [5592, 5271, 3863, 3129, 3292, 2960, 3196, 3591, 3010, 4818], [3062, 4677, 2963, 3040, 3061], [4992, 3172, 4777, 3002, 3003, 4857, 3292, 2960, 3196, 3591, 3010, 4818], [4992, 3172, 4777, 3002, 3004, 4809], [3062, 4677, 2963, 3060, 3014, 3039, 3114], [3015, 3063, 3040, 3061], [5592, 5271, 3863, 3129, 3292, 2960, 3196, 3591, 3045, 4779, 3019, 3206, 3205], [3125, 3126, 5970, 5969, 4934, 3127, 3307, 3749], [3173, 3130, 5593, 3863, 3129, 3292, 2960, 3196, 3591, 3010, 4818], [5592, 5271, 3863, 3131, 4857, 3292, 2960, 3196, 3591, 3010, 4818], [5592, 5271, 3863, 3129, 3292, 3132, 3291], [3153], [5592, 5271, 3863, 3129, 3292, 2960, 3196, 3591, 3045, 4779, 3019, 3206, 4845, 3183, 4695], [4751, 3243, 3356, 3752, 3309, 4934, 3127, 3307, 3749, 3125, 3126, 5970, 5969], [4871, 3308, 3309, 4934, 3127, 3307, 3749, 3125, 3126, 5970, 5969], [4903, 3379, 3380], [5592, 5271, 3863, 3129, 3292, 2960, 3196, 3591, 3045, 3517, 3477, 3476], [3487], [4871, 3308, 3309, 4934, 3127, 3307, 3749, 5021, 3488], [3748], [4871, 3308, 3309, 4934, 3127, 3307, 3749, 5021, 4776], [4992, 3172, 4799, 3130, 5593, 3863, 3129, 3292, 2960, 3196, 3591, 3010, 4818], [5592, 5271, 3863, 3129, 3292, 2960, 3196, 3591, 3045, 4779, 4919, 3206, 3205], [5995, 5994]]
lfn_id=19220 full_street_name=Rippleton Park Trl num_paths=2 paths:
  --> [[3165, 4850, 3163], [3165, 4850, 3164]]
lfn_id=19221 full_street_name=Queen's Greenbelt Trl num_paths=2 paths:
  --> [[4853, 4947], [4930, 4947]]
lfn_id=19224 full_street_name=North Park Trl num_paths=5 paths:
  --> [[4915, 3479, 3446, 3220, 3484], [3498, 3484], [3541, 3446, 3220, 3484], [4915, 3479, 3446, 3220, 4748], [4915, 4883, 3220, 3484]]
lfn_id=19274 full_street_name=Elizabeth Simcoe Park Trl num_paths=2 paths:
  --> [[3081, 5405, 5406], [5225, 5405, 5406]]
lfn_id=19296 full_street_name=Mimico Waterfront Park Trl num_paths=3 paths:
  --> [[5415, 6306, 5646, 6368], [5415, 6306, 6351], [6405]]
lfn_id=19305 full_street_name=McCowan District Park Trl num_paths=14 paths:
  --> [[5420, 3873], [5878, 4832], [5420, 5323, 5950], [5482], [5483, 5904, 5937, 5945, 5942, 5943, 5944, 5885], [5870, 5846, 5847, 5893], [5880, 5888, 5934, 5935, 5885], [5880, 5888, 5934, 5935, 5886, 5887], [5921, 5923], [5922, 5939, 5948], [5880, 5888, 5936, 5937, 5945, 5942, 5943, 5944, 5885], [5940], [5947], [5949]]
lfn_id=19322 full_street_name=Betty Sutherland Trl num_paths=3 paths:
  --> [[5111, 3405, 3374, 4798, 3406, 3375, 3365, 3364, 3644, 3643, 3642, 3641], [5111, 3405, 3374, 4798, 3406, 3375, 3365, 3364, 3644, 3643, 4980], [5111, 3405, 3374, 4798, 3406, 3375, 3365, 3364, 3644, 3643, 3642, 6432, 6431]]
lfn_id=19351 full_street_name=Harrison Park Trl num_paths=2 paths:
  --> [[5381, 5382], [5383]]
lfn_id=19352 full_street_name=Monarch Park Trl num_paths=2 paths:
  --> [[5003, 4889, 3692, 3693, 4888], [5003, 4889, 3692, 3730]]
lfn_id=19355 full_street_name=Berner Trail Park Trl num_paths=4 paths:
  --> [[4744, 3359, 3372, 3362], [3436], [4744, 3359, 3372, 4774], [4744, 3359, 3372, 4920, 4896]]
lfn_id=19356 full_street_name=Wickson Trail Park Trl num_paths=4 paths:
  --> [[3306, 3588, 3305, 3354], [3306, 3588, 3305, 4749, 3417, 3424, 4872], [3306, 3590, 3589, 4784, 3424, 4872], [3306, 3588, 3305, 4749, 3417, 3424, 4873]]
lfn_id=19360 full_street_name=West Humber Trl num_paths=11 paths:
  --> [[6401, 6378, 6318, 6224, 6234, 6316, 5097, 5106], [6401, 6378, 6318, 6224, 6234, 6316, 6265, 5098, 5106], [6255, 5515, 6359, 6379, 6377, 6360, 6338, 6410, 6318, 6224, 6234, 6316, 5097, 5106], [6401, 6378, 6318, 6224, 6234, 6316, 6265, 5559, 5560, 6384, 6772, 6787, 6256, 6340, 6226, 6225, 6380, 6411, 6279], [5580, 6384, 6772, 6787, 6256, 6340, 6226, 6225, 6380, 6411, 6279], [6412, 6382, 6358, 6317, 6233, 6177], [6412, 6382, 6358, 6317, 6233, 6460, 6178, 6253, 6400, 6359, 6379, 6377, 6360, 6338, 6410, 6318, 6224, 6234, 6316, 5097, 5106], [6339, 6410, 6318, 6224, 6234, 6316, 5097, 5106], [6381, 6340, 6226, 6225, 6380, 6411, 6279], [6399, 6253, 6400, 6359, 6379, 6377, 6360, 6338, 6410, 6318, 6224, 6234, 6316, 5097, 5106], [6409, 6360, 6338, 6410, 6318, 6224, 6234, 6316, 5097, 5106]]
lfn_id=19482 full_street_name=Scarborough Railpath Trl num_paths=6 paths:
  --> [[5273], [5428, 5427, 5429, 5276, 5274], [5275], [6162, 6042, 5302, 5303, 5601], [5425, 5426], [6506]]
lfn_id=19483 full_street_name=Finch Corridor Trl num_paths=15 paths:
  --> [[5335, 5336, 5339, 6143, 6144, 5189, 5190, 5881, 6041, 6136, 3082, 6113, 6114], [3778, 5414, 5370, 5437, 5388, 5698], [5976, 5266, 5354, 6121, 6122, 5973, 6500, 4515, 6490], [5328, 6132, 6055, 5327, 5258, 5065, 5259, 5338], [5223, 5357], [5960, 5309, 5241, 5242], [5312, 5409, 5325, 5326, 5261, 5413, 5414, 5370, 5437, 5388, 5698], [5976, 5266, 5354, 5268, 5292, 5356, 5355], [5976, 5266, 5269], [5308, 5307, 5399, 5398], [5977, 5329, 5433, 5432, 5315], [5976, 5266, 5354, 6121, 6122, 5973, 6500, 4515, 6671, 6090, 5430, 5431], [5335, 5336, 5436], [6448, 6449], [6670, 6490]]
lfn_id=19485 full_street_name=Leaside CN Rail Spur Trl num_paths=2 paths:
  --> [[5031, 6705, 6706, 5250], [6450]]
lfn_id=19486 full_street_name=Morningside Park Trl num_paths=3 paths:
  --> [[5360, 5364, 5435, 5469, 5468], [5365], [5360, 5364, 5435, 5469, 5470]]
lfn_id=19508 full_street_name=Humber River Recreational Trl num_paths=49 paths:
  --> [[6080, 1153, 6110, 6033], [5264, 5479, 3913, 5595, 5562, 5480, 5609, 5458, 5068, 5536, 5531, 5557, 3361, 6167], [4954, 6105, 3603, 6537, 5475, 5547], [5763, 5464, 3604, 6538, 6540, 6105, 3603, 6537, 5475, 5547], [5576, 5575, 5550, 5516, 6612, 6679, 5549, 4978, 5573, 6689, 6678, 3674, 4958, 5762, 5711, 5712], [6571, 6572, 5069, 5530, 6491, 6589, 5567, 5548, 3847, 5481, 3767, 3798, 3838, 5590, 5609, 5458, 5068, 5536, 5531, 5557, 3361, 6167], [5821, 3776, 5820, 5819, 5569, 5473, 5532, 5606, 4979, 5552, 5543, 5612], [3795, 3787, 3788, 3786, 3797, 3781, 3794, 5060], [3795, 3787, 3788, 3786, 3797, 3781, 3796, 5561, 6315, 6383, 6608, 6609, 6424, 6364, 6422, 6363, 6239, 6423, 6240, 6241, 6242, 6254, 6425], [5614, 3836], [5571, 4957, 5582, 5463, 5581, 5462, 5485, 5461, 5509, 5572, 5588, 5460, 5459, 6482, 6590, 6480, 6728, 6729, 6593], [5579, 5558, 5607, 5583, 5566, 5058], [6287, 6288, 6289, 6456, 6176, 6313, 6229, 6238, 6236, 5508, 5195, 3794, 5060], [5474, 5530, 6491, 6589, 5567, 5548, 3847, 5481, 3767, 3798, 3838, 5590, 5609, 5458, 5068, 5536, 5531, 5557, 3361, 6167], [5576, 5575, 5551, 5544, 6612, 6679, 5549, 4978, 5573, 6689, 6678, 3674, 4958, 5762, 5711, 5712], [5563, 5581, 5462, 5485, 5461, 5509, 5572, 5588, 5460, 5459, 6482, 6590, 6480, 6728, 6729, 6593], [6080, 6111, 6043, 6302, 6332, 6263, 6264, 6333, 6397, 6334, 6455, 6269, 6175, 6286, 5568], [5613, 5569, 5473, 5577], [5589], [5594, 5068, 5536, 5531, 5557, 3361, 6167], [5613, 5569, 5473, 5532, 5606, 5605, 5626, 5657, 5625], [5608, 5575, 5550, 5516, 6612, 6679, 5549, 4978, 5573, 6689, 6678, 3674, 4958, 5762, 5711, 5712], [5623, 4957, 5582, 5463, 5581, 5462, 5485, 5461, 5509, 5572, 5588, 5460, 5459, 6482, 6590, 6480, 6728, 6729, 6593], [5624, 5583, 5566, 5058], [5713], [6267, 6268, 6457, 6262, 6375, 6395, 6094, 6091, 6093, 6110, 6033], [6092, 6173], [6331, 6271, 6112], [5264, 5479, 3913, 5595, 5562, 5480, 5609, 5458, 5068, 5536, 5531, 5557, 6171, 6168], [6174, 6398, 6175, 6230, 6356, 5568], [6235, 6413, 6313, 6229, 6238, 6236, 5508, 5195, 3794, 5060], [6270, 6236, 5508, 5195, 3794, 5060], [6287, 6288, 6278, 6357, 6459], [6080, 6111, 6043, 6302, 6332, 6283], [6284, 6356, 5568], [6080, 6111, 6043, 6302, 6332, 6263, 6264, 6333, 6397, 6334, 6455, 6285, 6398, 6175, 6230, 6356, 5568], [6267, 6268, 6374, 6301], [6314, 6413, 6313, 6229, 6238, 6236, 5508, 5195, 3794, 5060], [6373, 6816, 6815, 6319, 6374, 6301], [6376, 6395, 6094, 6091, 6093, 6110, 6033], [6396, 6397, 6334, 6455, 6269, 6175, 6230, 6356, 5568], [3795, 3787, 3788, 3786, 3797, 3781, 3796, 5561, 6315, 6383, 6608, 6609, 6424, 6364, 6422, 6363, 6239, 6423, 6240, 6241, 6242, 6420], [6080, 6111, 6043, 6302, 6332, 6263, 6264, 6458, 6334, 6455, 6269, 6175, 6230, 6356, 5568], [6467], [6571, 6572, 6551, 6491, 6589, 5567, 5548, 3847, 5481, 3767, 3798, 3838, 5590, 5609, 5458, 5068, 5536, 5531, 5557, 3361, 6167], [5614, 6610, 6674, 6424, 6364, 6422, 6363, 6239, 6423, 6240, 6241, 6242, 6254, 6425], [6680, 6618, 6620, 5573, 6689, 6678, 3674, 4958, 5762, 5711, 5712], [5576, 5575, 5550, 5516, 6612, 6679, 5549, 6619, 6620, 5573, 6689, 6678, 3674, 4958, 5762, 5711, 5712], [5576, 5575, 5550, 5516, 6612, 6679, 5549, 4978, 5573, 6708, 6707, 6695, 6694, 6693, 6692]]
lfn_id=19573 full_street_name=Queen's Park Trl num_paths=2 paths:
  --> [[5054, 5055, 5099, 5714, 5777], [5776]]
lfn_id=19576 full_street_name=Port Union Village Common Trl num_paths=2 paths:
  --> [[5756, 5752], [5754, 5755, 5753, 5759]]
lfn_id=19611 full_street_name=David A Balfour Park Trl num_paths=2 paths:
  --> [[5891, 5873, 5874, 5853, 3840, 3839, 3841], [5877, 5884, 5927, 5946, 5919, 5929, 5926, 5930, 5938]]
lfn_id=19612 full_street_name=Centennial Park Trl num_paths=3 paths:
  --> [[5868], [5869], [6668, 6675]]
lfn_id=19676 full_street_name=Chorley Park Trl num_paths=3 paths:
  --> [[6107, 6106, 6101, 6082, 6069], [6107, 6106, 6101, 6082, 6074], [6107, 6106, 6101, 6109]]
lfn_id=19678 full_street_name=Don Valley Brick Works Trl num_paths=2 paths:
  --> [[6071, 6072, 3869, 3870, 6065, 6064, 6067, 3866, 6066, 6068, 3868, 6138, 3993, 6063], [6071, 6072, 3869, 3870, 6141, 6142]]
