lfn_id=24 full_street_name=Bayview Ave num_paths=3 paths:
  --> [[3703, 6002, 6003, 1987, 2028, 2027, 2119, 2054, 5083, 2137, 2138, 2011], [2561, 2520, 2519], [2629]]
lfn_id=44 full_street_name=Broadview Ave num_paths=2 paths:
  --> [[3769, 1992, 5693, 5729, 4619, 6410, 1851, 1852, 4282, 1846, 1847, 2112, 2010, 2097, 4221, 2018, 2036], [1955, 2032, 3381, 2040]]
lfn_id=56 full_street_name=Carlaw Ave num_paths=2 paths:
  --> [[1516, 1515, 1527, 4130, 1417, 1416, 1723, 1724, 1722, 1731, 4210, 1554, 1555, 4214, 1657, 6044, 6090, 1772, 1773, 1794, 1806, 1807, 1966, 1965, 1810, 1737], [1875, 1763, 1762, 2908, 2909, 1779, 1685, 4318]]
lfn_id=225 full_street_name=Leslie St num_paths=3 paths:
  --> [[5610, 1603, 5607], [3416, 2625], [3005]]
lfn_id=228 full_street_name=Logan Ave num_paths=2 paths:
  --> [[5110, 1825, 5079, 5025, 1893, 1818, 1850, 1856, 4215, 4283, 1811, 4218, 1577, 4157, 1576, 2826, 1726, 4117, 1626, 1627, 5138, 5139, 5137, 1518, 1519, 1546, 1547, 1650, 1528, 1638, 1658, 1589, 4169, 1556, 4212, 1565, 6036, 6023, 6042, 6019, 4342, 2118, 5178], [5159, 1971, 1970, 2109, 4224, 1706, 1707, 1883, 2020, 4294, 2021, 1949]]
lfn_id=231 full_street_name=Lumsden Ave num_paths=2 paths:
  --> [[1914, 1913, 1328, 4070, 4227], [3109, 3241, 3110, 1418, 4973, 5012]]
lfn_id=256 full_street_name=Monarch Park Ave num_paths=3 paths:
  --> [[1670], [1896, 1788, 1697, 1911, 1866, 2082, 2083, 2050, 2060, 4298, 2059], [2056]]
lfn_id=293 full_street_name=Pottery Rd num_paths=2 paths:
  --> [[4216, 1968, 1849, 1848, 3376], [1879]]
lfn_id=321 full_street_name=Sammon Ave num_paths=2 paths:
  --> [[1691], [2554, 4629, 3379, 3634, 2105, 2113, 2114, 1785, 1782, 1786, 1787, 2145, 2146, 2147, 2058, 4293, 2057, 1885, 5024, 1884, 4316, 1895, 1969, 4273, 1986, 2116, 2163]]
lfn_id=339 full_street_name=St Clair Ave E num_paths=2 paths:
  --> [[5829, 5845, 813, 3966], [2805, 4253, 1455, 2930]]
lfn_id=370 full_street_name=Victoria Park Ave num_paths=3 paths:
  --> [[4207, 1698], [3046, 2303, 2239], [2894]]
lfn_id=378 full_street_name=Westlake Ave num_paths=2 paths:
  --> [[1378], [4173]]
lfn_id=436 full_street_name=Bathurst St num_paths=3 paths:
  --> [[4474, 2654, 3585], [2705], [2735]]
lfn_id=458 full_street_name=Bloor St W num_paths=3 paths:
  --> [[3735, 5146, 5147, 1137, 5726, 5727, 5725, 3502, 4922, 1323, 288, 302], [4055, 1038, 4057, 914, 900, 899], [2881]]
lfn_id=522 full_street_name=Connaught Crcl num_paths=2 paths:
  --> [[738, 737, 720], [738, 4047, 4044, 720]]
lfn_id=557 full_street_name=Dufferin St num_paths=4 paths:
  --> [[545, 3904, 947, 1064], [670], [4635, 1113, 1114, 4030], [6106, 6115, 6108]]
lfn_id=854 full_street_name=Roselawn Ave num_paths=2 paths:
  --> [[503, 850, 854, 851, 479, 478, 3847, 463, 439, 472, 5483, 3943, 528], [867, 4050, 5731, 5732, 809, 806, 957, 1046, 891, 892, 565]]
lfn_id=952 full_street_name=Weston Rd num_paths=3 paths:
  --> [[3913, 459, 131, 446, 3844], [3961, 359, 3960, 3957], [5918, 5923]]
lfn_id=1196 full_street_name=Botfield Ave num_paths=3 paths:
  --> [[145], [166], [3813]]
lfn_id=1452 full_street_name=Delma Dr num_paths=2 paths:
  --> [[40, 97, 6, 27], [23]]
lfn_id=1962 full_street_name=Lake Shore Blvd W num_paths=3 paths:
  --> [[17, 18, 20, 5758, 22, 87, 5, 4], [4076, 5507, 2794, 1686, 4200, 1694, 1693, 1692, 1344, 1196, 1212, 1211, 1304, 4099, 1160, 1161, 1162, 1155, 1230, 1207, 1250, 5469, 1245, 1668], [5468]]
lfn_id=1963 full_street_name=Lake Shore Dr num_paths=5 paths:
  --> [[1616, 3767, 10], [4014, 1327, 4238, 1665, 1615], [1602], [1651], [4223]]
lfn_id=1966 full_street_name=Lambeth Rd num_paths=2 paths:
  --> [[250], [3706]]
lfn_id=2391 full_street_name=Riverwood Pkwy num_paths=2 paths:
  --> [[4058, 1164], [4139]]
lfn_id=2413 full_street_name=Royal York Rd num_paths=2 paths:
  --> [[1395, 1394, 1366, 1367, 1393, 1365, 6120, 1240, 1221, 4231, 1150, 1199, 1200, 1326, 1325, 1324, 4103, 1262, 1629, 1601, 1633, 1648, 5516, 4228, 1649, 1177, 1180, 1179, 1178, 4086, 1216, 4085, 3990, 1215, 1293, 843, 3980, 2231, 2264, 4107, 1163, 1279, 1048, 1609, 1125, 1126, 1151, 1141, 1136, 1130, 5735, 5736, 1174, 5666, 4168, 152, 118, 119, 122, 3840, 102, 103, 2455, 2456, 2757, 2780, 3838, 111, 112, 175, 176, 244, 245, 282, 603, 617, 618, 3885, 5049, 5048, 596, 147, 199, 263, 264, 265, 317, 258, 308, 213, 5080, 4032, 467, 468, 408, 410, 195, 174, 2530, 2638, 194, 231, 230, 296, 5550, 5551, 3841, 3845, 462, 4077, 4005, 269, 3721, 275, 247, 3410, 4876, 506, 509], [3944, 360]]
lfn_id=2520 full_street_name=Stanley Ave num_paths=2 paths:
  --> [[1297, 1294, 1213, 4083, 1223, 2893, 4530], [4041]]
lfn_id=2601 full_street_name=The Kingsway num_paths=2 paths:
  --> [[5091, 353, 344, 3910, 343, 216, 284, 3824, 602, 3854, 601], [314, 286, 316, 315, 276, 277, 406, 417, 418, 364, 287, 5033, 2534, 3928, 395, 443]]
lfn_id=2954 full_street_name=Barton Ave num_paths=3 paths:
  --> [[973, 972, 653, 3973, 507, 159, 3886, 641, 1745, 4244, 640, 3883, 906, 419, 336, 559, 682, 661, 667, 666], [871], [994]]
lfn_id=3020 full_street_name=Bloor St E num_paths=2 paths:
  --> [[5075, 848], [1436, 1482, 1425, 1593, 1740, 1592, 1557, 1558, 1579, 1597]]
lfn_id=3058 full_street_name=Briar Hill Ave num_paths=2 paths:
  --> [[932], [3858]]
lfn_id=3168 full_street_name=Cibola Ave num_paths=3 paths:
  --> [[6348, 6260, 6347, 6231, 6236, 6232, 6246, 6336, 6056, 6308, 6123, 6307, 6201], [6366, 6154], [6348, 6260, 6347, 6231, 6236, 6232, 6246, 6336, 6056, 6308, 6258, 6330, 6329]]
lfn_id=3236 full_street_name=Crawford St num_paths=2 paths:
  --> [[3351, 992, 991, 961, 896, 168, 169, 1073, 1072, 4023, 1389, 1390, 4125, 1307, 1306], [5949, 5948]]
lfn_id=3269 full_street_name=Davenport Rd num_paths=2 paths:
  --> [[864, 4007, 3947, 1047, 1070, 1089, 718, 817, 845, 785, 784, 792, 876, 1024, 1108, 3963, 1107, 3981, 824, 1068, 825, 954, 820, 819, 1021, 1022, 853, 911, 821, 3946, 810, 837, 838, 769, 770, 597, 2048, 4297, 624, 623, 594, 593, 2533, 469, 3959, 614, 613, 612, 611, 5304, 3923, 604, 3922, 393, 400, 394, 557, 556, 555, 492, 493, 498], [4220, 2669, 5557, 5558, 802, 786, 3890, 4082, 5560, 933, 934, 935, 862, 860, 842, 928]]
lfn_id=3388 full_street_name=Elm Ridge Dr num_paths=2 paths:
  --> [[704, 476, 5164, 3684, 3683, 3898, 537, 538], [573, 574, 575, 5697]]
lfn_id=3430 full_street_name=Felstead Ave num_paths=2 paths:
  --> [[2799, 2842, 3763, 1822, 1752], [2845]]
lfn_id=3495 full_street_name=Gerrard St E num_paths=2 paths:
  --> [[4029, 985, 1214, 4096, 1646, 1894, 1585, 1586, 4142, 1588, 4146, 1631, 2041, 2162, 4254, 2061, 2155, 4252, 1979, 4276, 1980, 4300, 2192, 1575, 1574, 1725, 1530, 3168, 3140, 1531, 1532, 1907, 1906, 1921], [1919, 1910]]
lfn_id=3605 full_street_name=Harbord St num_paths=2 paths:
  --> [[3276, 3994, 1305, 5073, 5074, 5113, 4043, 1100, 1091, 1090, 656, 657, 672, 3908, 676, 696, 697], [959, 4975, 5018, 5056, 5004, 5020, 4087, 912, 996, 1007, 4002, 1085, 1008, 1009, 5964, 5962, 1106, 1058, 1057, 1050, 1049, 1123, 1122]]
lfn_id=3727 full_street_name=Inglewood Dr num_paths=3 paths:
  --> [[815, 816, 847, 783, 868], [1039], [2768, 3707]]
lfn_id=3786 full_street_name=Kingston Rd num_paths=6 paths:
  --> [[1510, 1257, 1256, 1255, 1254, 1314, 1313, 1312], [1736], [1902, 4203], [2361, 2333, 2263, 4366, 2245], [5578, 2404, 2318, 2299], [4521]]
lfn_id=3802 full_street_name=Lakeshore Ave num_paths=3 paths:
  --> [[6088, 6244, 6346, 6259, 6202, 6245, 6211, 6087, 6199, 6345, 6085, 6317, 6084, 6318, 6200, 6328, 6180, 6305, 6304, 6285, 6269, 6268, 6335, 6179, 6306, 6364, 6319, 6284, 6242], [6088, 6244, 6346, 6259, 6202, 6245, 6211, 6087, 6199, 6345, 6085, 6317, 6084, 6318, 6200, 6328, 6180, 6305, 6304, 6285, 6269, 6268, 6335, 6251, 6306, 6364, 6319, 6284, 6242], [6088, 6244, 6346, 6259, 6202, 6245, 6211, 6087, 6199, 6345, 6085, 6317, 6084, 6318, 6200, 6328, 6180, 6305, 6304, 6303, 6269, 6268, 6335, 6179, 6306, 6364, 6319, 6284, 6242]]
lfn_id=3821 full_street_name=Lascelles Blvd num_paths=2 paths:
  --> [[983, 984, 988, 541, 586, 447], [767, 654]]
lfn_id=3828 full_street_name=Lawrence Ave E num_paths=4 paths:
  --> [[1809, 5745], [4270, 2185, 2034], [3010, 4614, 2285, 2249, 2246, 2234, 3691, 3861, 5741, 5749, 5046, 2281, 2369, 2934], [5250, 2353, 2364, 2873, 2897]]
lfn_id=3948 full_street_name=Mayfield Ave num_paths=2 paths:
  --> [[1505, 3664, 3663], [5124]]
lfn_id=4098 full_street_name=Old Forest Hill Rd num_paths=2 paths:
  --> [[695, 694, 693, 692, 616, 4015, 655, 1149, 456, 533, 572, 3892], [762, 727, 3972, 731, 694, 693, 692, 616, 4015, 655, 1149, 456, 533, 572, 3892]]
lfn_id=4101 full_street_name=Old Park Rd num_paths=2 paths:
  --> [[743, 680, 679, 546, 3891, 3320, 3308], [705]]
lfn_id=4289 full_street_name=River St num_paths=2 paths:
  --> [[1551, 5742, 5744, 4194, 1529, 2286, 2426, 2500, 1513, 1512, 1497, 1496, 1494, 1598, 1599, 4222], [4143]]
lfn_id=4323 full_street_name=Rosewell Ave num_paths=3 paths:
  --> [[3975, 748], [3936, 3950, 3949, 759], [781, 931, 3948]]
lfn_id=4345 full_street_name=Russell Hill Rd num_paths=2 paths:
  --> [[6557, 6556, 6555, 6553, 794, 3983, 780, 779, 4016, 741, 3974, 726, 620, 730, 3997, 684, 685, 686], [6557, 6556, 6555, 6553, 794, 3983, 780, 779, 4016, 741, 3974, 726, 621]]
lfn_id=4426 full_street_name=Spadina Ave num_paths=2 paths:
  --> [[975, 974, 4006, 990, 1109, 1110, 1194, 1035, 1190, 1116, 4064, 1032, 1033, 1266, 941, 939], [1176, 4068, 1231, 1152, 1087, 4053]]
lfn_id=4507 full_street_name=Sumach St num_paths=2 paths:
  --> [[5085, 1498, 3761, 1441, 1493, 5593], [1981, 2005, 2006, 1618, 1617, 1619, 1628, 2098, 2079, 2100, 4326]]
lfn_id=4519 full_street_name=Swanwick Ave num_paths=3 paths:
  --> [[4267, 1346, 4138, 1399, 4137, 1398], [1452, 1443, 1442, 1375, 1376, 1374, 1373, 1372, 1421, 4196, 1920], [1943]]
lfn_id=4733 full_street_name=Yonge St num_paths=3 paths:
  --> [[808], [1644, 5733, 4072, 1195, 1186, 1187, 1188, 1268, 1269, 1235, 1234], [2529]]
lfn_id=5589 full_street_name=Finch Ave E num_paths=2 paths:
  --> [[2482, 2481, 2403, 2402, 4644, 184, 2000], [5467]]
lfn_id=6195 full_street_name=McNicoll Ave num_paths=3 paths:
  --> [[2454, 4442, 2469, 2547, 2477, 2476, 2475, 4415, 2498, 2499, 2471, 2478, 4429, 2441, 4399, 2445, 2409, 2907, 2906, 4465, 2590, 2569, 2417, 2418, 2468, 2802, 2756, 3352, 3012, 3011, 4736, 3004, 5015], [5216, 2447, 4417, 2464, 2439, 2438, 4392, 6465, 4413], [2495, 2452, 2451, 2599]]
lfn_id=6708 full_street_name=Shoreham Dr num_paths=2 paths:
  --> [[6147], [6152]]
lfn_id=6792 full_street_name=Steeles Ave E num_paths=3 paths:
  --> [[4385, 2371], [5220, 5221, 2427, 3702, 2492, 2493], [2624, 2558, 2559]]
lfn_id=7654 full_street_name=Coronation Dr num_paths=2 paths:
  --> [[2273, 2268, 2274, 2283, 2429, 2428, 2431, 2348, 2275, 2349, 2407], [2448]]
lfn_id=8257 full_street_name=Kingsbury Cres num_paths=2 paths:
  --> [[4133, 1371], [6028]]
lfn_id=8501 full_street_name=Military Trl num_paths=2 paths:
  --> [[2360, 2359, 2237, 2238], [5256]]
lfn_id=9169 full_street_name=Viewbank Rd num_paths=3 paths:
  --> [[4186, 1350, 4185], [1370], [1391]]
lfn_id=9260 full_street_name=Wood Glen Rd num_paths=2 paths:
  --> [[2857, 1509], [2674]]
lfn_id=9580 full_street_name=Planning Boundary num_paths=4 paths:
  --> [[527], [2099, 1077], [2813], [5985]]
lfn_id=9786 full_street_name=St George St num_paths=2 paths:
  --> [[952, 951, 1004, 958, 1171, 5003, 5021, 3941, 3942, 3935, 846, 827], [4045]]
lfn_id=10252 full_street_name=Old Finch Ave num_paths=2 paths:
  --> [[5414, 4375, 2400, 2413, 2379, 2380, 517, 2518, 2372, 480, 2416, 2411], [4402, 5224, 5223, 5222, 2480, 2460, 3061, 3195]]
lfn_id=10900 full_street_name=Tommy Thompson Pk num_paths=5 paths:
  --> [[4685, 1236, 1243, 4060, 1061], [1719, 1717, 4108, 4100, 1260, 4060, 1061], [1719, 1718, 1330, 3457], [3338, 4822, 3458], [3725]]
lfn_id=11152 full_street_name=Lake Promenade num_paths=2 paths:
  --> [[5116, 1, 2, 5117, 84, 3771, 2939, 4738, 80, 3565, 3566], [78, 75, 74, 61, 5008, 5009]]
lfn_id=11360 full_street_name=Spring Rd num_paths=3 paths:
  --> [[2971, 5498, 6033], [2972, 5498, 6033], [6510]]
lfn_id=11373 full_street_name=Avenue Of The Islands num_paths=2 paths:
  --> [[6113, 6216, 6155, 6230, 6184, 6257, 6320], [6113, 6216, 6155, 6230, 6184, 6257, 6365, 6243]]
lfn_id=13958 full_street_name=Silver Dart Dr num_paths=2 paths:
  --> [[292], [3652]]
lfn_id=15826 full_street_name=Fort York Blvd num_paths=2 paths:
  --> [[5006, 2764, 2879, 2762, 63, 4536, 3275, 5106, 2878], [6101, 3855, 2301, 5611, 3718, 5907, 5723, 6194]]
lfn_id=18545 full_street_name=Ww N Lawrence E Varna num_paths=2 paths:
  --> [[789], [4304]]
lfn_id=19097 full_street_name=Esther Shiner Blvd num_paths=2 paths:
  --> [[2707], [6110, 6111, 2990]]
lfn_id=19148 full_street_name=Milliken Park Trl num_paths=5 paths:
  --> [[5720, 5705, 3123, 4646, 2912, 5639, 5722, 5717, 5724, 5721, 5636, 5242], [5720, 5705, 3123, 4761, 5639, 5722, 5717, 5724, 5721, 5636, 5242], [5229, 5243, 5638, 5637, 5248], [5720, 5705, 3123, 4646, 5370, 5297, 5449], [5720, 5705, 5700, 5718, 5719, 5635, 5242]]
lfn_id=19149 full_street_name=Humber Creek Trl num_paths=7 paths:
  --> [[3432, 3055, 3053], [3486, 3433, 3472, 3434, 4930], [3471], [3519, 3433, 3472, 3434, 4930], [4923, 3545], [3432, 4902, 3607], [4877, 4800, 3472, 3434, 4930]]
lfn_id=19152 full_street_name=Mimico Creek Trl num_paths=19 paths:
  --> [[4611, 2927], [2932, 5648, 5649], [3003, 3666, 3648, 3661, 4605], [5701, 3057, 3059, 3074, 5730], [3162, 3265, 4602, 5648, 5649], [5581, 5122, 3267, 4701], [5734, 3277, 3604, 4879], [4823, 3293, 3358, 4909, 3265, 4602, 5648, 5649], [3368, 4807, 3358, 4909, 3265, 4602, 5648, 5649], [3480, 3369, 4807, 3358, 4909, 3265, 4602, 5648, 5649], [3386, 3544, 3358, 4909, 3265, 4602, 5648, 5649], [3543, 4843, 4807, 3358, 4909, 3265, 4602, 5648, 5649], [3646, 3647, 3651, 3665, 3661, 4605], [4914, 3677], [5676, 3744, 4719, 4565, 4566, 3647, 3651, 3665, 3661, 4605], [3003, 3666, 4849, 4605], [5640, 5647], [5691, 5692, 5649], [5708]]
lfn_id=19154 full_street_name=Colonel Sam Smith Park Trl num_paths=11 paths:
  --> [[6442, 6439, 6444, 4551, 6443, 6375, 6437, 6462, 3464, 3465, 6440, 6441, 3582, 3583, 3489, 2850], [6442, 6439, 6444, 4551, 6443, 6375, 6437, 6462, 3464, 3465, 6440, 6441, 3582, 3583, 3489, 3029, 3606, 2851], [6442, 6439, 6444, 4551, 3417], [6442, 6439, 6444, 4551, 6443, 6375, 6437, 6462, 3464, 3488, 3581], [6442, 6439, 6444, 4551, 6443, 6375, 6437, 6462, 3490, 6440, 6441, 3582, 3583, 3489, 2850], [6442, 6439, 6444, 4551, 6443, 6375, 6437, 6462, 3464, 3465, 6440, 6441, 3582, 3583, 3489, 3029, 3606, 4541, 3517], [6442, 6439, 6444, 4551, 6443, 6375, 6437, 6462, 3464, 3465, 6440, 6441, 3582, 4901, 3605, 3489, 2850], [6442, 6439, 6444, 4551, 6443, 6375, 6437, 6462, 3464, 3465, 6440, 6441, 3582, 3583, 3489, 3029, 4865, 3517], [4943, 5089], [5087, 5088], [6376, 6374, 6438, 6445, 3605, 3489, 2850]]
lfn_id=19155 full_street_name=Waterfront Trl num_paths=12 paths:
  --> [[3026], [3374, 3256, 3248], [3388, 4864], [3602], [3770, 5415], [4826, 4819, 5394, 5395, 5372, 5417, 5329], [4826, 4819, 5394, 5395, 5372, 5417, 5416, 5330], [5702], [6529, 6558, 5753, 6524, 6492], [5869, 5866, 5865, 5916, 5917], [6250], [6529, 6528]]
lfn_id=19157 full_street_name=Eglinton Ave West Trl num_paths=3 paths:
  --> [[4715, 4662, 3153], [3178], [5572, 5549, 5528, 5461, 4972, 5367, 3523, 5527, 5548, 5573, 5277, 3491, 3515, 4734, 3449, 3450, 3454, 3451, 3485, 3455, 3452, 3453, 3418, 3466, 3613, 3586, 4871, 3404, 3403]]
lfn_id=19158 full_street_name=Elmcrest Creek Trl num_paths=11 paths:
  --> [[3008, 4710, 3257], [3428, 3405, 3161, 4789, 3349, 3350, 3238], [3428, 3163, 3407, 3409], [3428, 3405, 3408, 3406, 3266, 4824, 3292], [3008, 4710, 4699, 6416, 6549, 6551, 6547, 6552, 3295, 3456, 4549, 5854, 5792, 3836], [3428, 3405, 3408, 3406, 3346, 3350, 3238], [3630, 3633, 4928], [4317, 5979, 4892, 5017], [3428, 3163, 3407, 4788], [3428, 3405, 3408, 3406, 3346, 3350, 4831], [6491, 6483, 6482, 4789, 3349, 3350, 3238]]
lfn_id=19159 full_street_name=Etobicoke Creek Trl num_paths=5 paths:
  --> [[3693, 4924, 4785, 3689, 3438, 3437, 4795, 3259, 3427], [3693, 3470, 3469], [3693, 4924, 4785, 3689, 3438, 3437, 4903], [3693, 4924, 4785, 3689, 4948], [5779]]
lfn_id=19160 full_street_name=Humber Bay Park East Trl num_paths=8 paths:
  --> [[2847, 6369, 2848, 4792, 6339, 6207, 6221, 6223, 6206, 6205, 6222, 6220, 6350, 6349, 6368], [2847, 6369, 2848, 4792, 6339, 6207, 6221, 6223, 6206, 6205, 6222, 6220, 6350, 6349, 6368, 3015, 4935, 4581], [4934, 3556, 3262], [3270], [3289], [4793, 3445, 3650, 4792, 6339, 6207, 6221, 6223, 6206, 6205, 6222, 6220, 6350, 6349, 6368, 2847, 6369, 2848], [4934, 3556, 3553, 3554, 6340, 6338, 6453, 6459, 6454, 6378], [4934, 3555, 3554, 6340, 6338, 6453, 6459, 6454, 6378]]
lfn_id=19162 full_street_name=East Highland Creek Trl num_paths=20 paths:
  --> [[4747, 2902, 4648, 2835], [4579, 4650, 2846], [4649, 2900, 2876], [4778, 3141, 4752, 3000], [5526, 5295, 3134, 4776, 3031, 3039], [5526, 5295, 3134, 4776, 3031, 4623], [4747, 2902, 4637], [5433, 5399, 6295, 6293, 5418, 6397, 6395], [5375, 5393, 5376, 5381, 6396, 6394, 5374], [5375, 5393, 5376, 5381, 6396, 6394, 5377], [5375, 5378], [5382, 5381, 6396, 6394, 5374], [5375, 5393, 5383, 6396, 6394, 5374], [5450, 6523, 5439, 5432, 6292, 6291, 6294, 5419, 6397, 6395], [5433, 5431, 5430, 5520], [5450, 6523, 5439, 5434, 5435, 5399, 6295, 6293, 5418, 6397, 6395], [5433, 5431, 5438, 6295, 6293, 5418, 6397, 6395], [5440, 5435, 5399, 6295, 6293, 5418, 6397, 6395], [5450, 6523, 5439, 5432, 6292, 6291, 6294, 5514, 5418, 6397, 6395], [5450, 6523, 5515, 6292, 6291, 6294, 5419, 6397, 6395]]
lfn_id=19163 full_street_name=Black Creek Trl num_paths=19 paths:
  --> [[5836, 5828, 3220, 4707, 4875, 4799, 2941, 2940, 3654, 3653, 2904, 3483, 2938], [3017, 5763, 6030, 6061, 6062, 6029, 5989], [5171, 3611, 3018], [3068, 2940, 3654, 3653, 2904, 3483, 2938], [3190, 6309, 6272, 3131], [4722, 3132], [3190, 6309, 6272, 3181, 3180], [5836, 5828, 3220, 4707, 4875, 4799, 2941, 2940, 3654, 3653, 2904, 3483, 3385, 3384, 3213, 4691], [5206, 3325, 3324, 3333], [3412, 5502, 5022, 5404, 5320, 5445, 4661, 5321, 4836, 4660, 5000], [3412, 5502, 5022, 5404, 5320, 5445, 4661, 5321, 4885, 3413, 4801], [5171, 3611, 3629, 5154, 5156, 6063, 6060, 6062, 6029, 5989], [5836, 5828, 3220, 4680], [3190, 6309, 6272, 3181, 4723, 3132], [5836, 5828, 3220, 4707, 4875, 4799, 4729, 3654, 3653, 2904, 3483, 2938], [5206, 3325, 3324, 4759], [4842, 3324, 3333], [4890], [5990]]
lfn_id=19164 full_street_name=Humber Bay Park West Trl num_paths=4 paths:
  --> [[3361], [3387], [5709, 5658, 5657], [5709, 5710, 6485, 6467, 6472, 6466]]
lfn_id=19168 full_street_name=Ashbridges Bay Park Trl num_paths=4 paths:
  --> [[5780, 6514, 6515, 3375, 3372, 3373, 5822, 3747, 5841, 6511, 6503], [4678, 4767, 5821, 4684, 3746, 4679, 5822, 3747, 5841, 6511, 6503, 3372, 3373], [4674, 4679, 5822, 3747, 5841, 6511, 6503, 3372, 3373], [5780, 6514, 6515, 4740]]
lfn_id=19169 full_street_name=Beltline Trl num_paths=24 paths:
  --> [[3681, 5931, 5462, 3435, 5897, 4084, 5892, 5898, 5899, 699, 5882, 5881, 3362, 3363, 4724], [2868, 3009, 3120, 3159, 3133, 3122], [2951, 3597], [3425, 3415, 3279, 4926, 3660, 3659, 3311, 3364, 3052, 3300, 3299, 4804, 3715], [3121, 3164, 3120, 3159, 3133, 3122], [2868, 3009, 3120, 3159, 3133, 4737, 4827, 3169, 4862], [3200], [3331, 3337, 3330, 3335, 3245, 3272, 3302], [3269, 4591, 3254, 3255, 3278, 4927, 3279, 4926, 3660, 3659, 3311, 3364, 3052, 3300, 3299, 4804, 3715], [3268, 6074, 5978, 5977], [3331, 3337, 3330, 3335, 3245, 4671, 4673, 3336, 3329], [3334, 4672, 3272, 3302], [3436, 5897, 4084, 5892, 5898, 5899, 699, 5882, 5881, 3362, 3363, 4724], [4675, 3492, 4915, 3546, 3493, 3494, 3540, 3495, 4916, 3539, 4919, 3496], [4872, 3596], [5016, 5991, 5992, 4917, 4963, 4861, 4962, 4748, 3601, 6011, 6004, 6006, 6001, 6000, 3597], [5334, 5335, 4559, 4633], [4656], [4704, 4666], [4774, 4866], [5928, 5929, 5927, 5895, 5891, 5932, 5933, 5896, 3435, 5897, 4084, 5892, 5898, 5899, 699, 5882, 5881, 3362, 3363, 4724], [5987, 5981, 5980], [5987, 5988], [3268, 6074, 5978, 6075, 5992, 4917, 4963, 4861, 4962, 4748, 3601, 6011, 6004, 6006, 6001, 6000, 3597]]
lfn_id=19171 full_street_name=Brookbanks Park Trl num_paths=11 paths:
  --> [[3577, 3576, 3522, 2152, 3620, 3619, 3448], [3075, 3423, 3448], [3598, 3473], [3504, 4787, 3614], [3577, 3576, 3578], [4878, 4711, 3579, 3576, 3522, 2152, 3620, 3619, 3448], [3504, 4787, 5938, 5942, 5936, 5939, 3615, 3616], [3504, 4787, 5938, 5942, 5936, 5939, 3835, 3834], [3504, 4787, 5938, 5942, 5936, 5939, 5937, 5951, 5941, 5940], [6069, 5941, 5940], [6071, 6070, 3619, 3448]]
lfn_id=19176 full_street_name=Duncairn Park Trl num_paths=12 paths:
  --> [[2825, 3088], [2825, 3089, 2865, 4543], [4599, 3080, 2952], [3045, 4604, 3107, 3108, 4642, 2961, 2981, 3095, 2982, 4725, 4770, 3088], [3086, 2982, 4725, 4770, 3088], [3087, 2952], [3045, 4604, 3107, 3108, 4642, 2961, 2981, 3230, 4725, 4770, 3088], [3045, 4604, 3107, 3108, 4642, 4609], [3045, 4604, 3107, 3108, 4616, 3080, 2952], [3045, 4658, 3108, 4616, 3080, 2952], [4771, 4543], [3086, 2982, 4725, 4772, 2865, 4543]]
lfn_id=19177 full_street_name=Duncan Creek Trl num_paths=8 paths:
  --> [[3119, 3191, 5617, 3710], [4840, 3192, 5617, 3710], [3242, 4850], [4584, 3243, 3244, 4850], [3119, 3191, 5617, 5595, 3712], [4730, 4682, 3191, 5617, 3710], [3242, 4933], [3119, 3191, 5617, 5595, 5594, 3244, 4850]]
lfn_id=19178 full_street_name=Earl Bales Park Trl num_paths=4 paths:
  --> [[3063, 3152, 3025, 5838, 5837, 3808, 3127], [5920, 5915, 5921, 4621, 3808, 3127], [3063, 4681], [4692, 5838, 5837, 3808, 3127]]
lfn_id=19179 full_street_name=East Don River Trl num_paths=27 paths:
  --> [[5267, 5208, 3531, 4944, 3499, 4870, 3467, 3551, 4786, 5748, 2712], [3013, 2962, 3476, 3189], [3013, 2980, 3014], [3478, 3312, 3402, 3571, 3572, 4908, 4712, 3460, 6310, 6289], [3478, 3313, 3401, 3402, 3571, 3572, 4908, 4712, 3460, 6310, 6289], [3441, 3328], [5754, 6239, 6237, 6311, 6238, 3396, 4703], [3478, 3312, 3402, 3571, 3572, 5019, 3414, 4556, 2962, 3476, 3189], [5267, 5208, 3531, 4944, 3499, 4870, 3467, 3551, 4786, 5748, 5737, 4936, 3442, 4816, 3328], [3443, 4817, 4802, 4944, 3475], [5267, 5208, 3531, 4944, 3499, 4870, 3467, 3551, 4786, 5748, 5737, 3474], [3479, 4762, 4887, 3401, 3402, 3571, 3572, 4908, 4712, 3460, 6310, 6289], [3573, 3572, 4908, 4712, 3460, 6310, 6289], [3649], [5754, 4336], [4728], [4790], [3443, 4817, 4803], [5267, 5208, 3531, 4944, 3499, 4870, 3467, 3551, 4786, 5748, 5737, 4936, 4910, 4815], [3478, 3312, 3402, 3571, 3572, 5019, 4900, 4556, 2962, 3476, 3189], [5267, 5208, 3531, 4944, 3499, 5587, 5092], [5605, 5616, 5614, 5703, 5613, 5615, 5704, 5097, 5623, 5759, 5750], [5121, 5583, 4786, 5748, 2712], [5379, 6164, 3460, 6310, 6289], [5605, 5616, 5614, 5703, 5613, 5615, 5699], [5751], [6210, 6197]]
lfn_id=19181 full_street_name=East Point Park Trl num_paths=2 paths:
  --> [[6248, 4825], [6248, 5448, 4971]]
lfn_id=19188 full_street_name=G Ross Lord Park Trl num_paths=12 paths:
  --> [[3016, 3033, 5651, 5650, 2913, 2959, 4640, 2824, 3215, 2820, 2884, 2885, 2822], [3016, 3033, 5651, 5650, 2913, 2959, 4640, 2824, 4897, 2821], [3016, 3033, 5651, 5650, 2913, 2959, 4640, 2824, 3215, 2820, 2884, 2885, 3214, 3564, 2886, 2921, 2823], [3016, 3033, 5651, 5650, 2913, 2911, 2960, 4832, 4645, 4898, 4610, 3563], [3016, 3033, 5651, 5650, 2913, 2959, 2926, 2960, 4832, 4645, 4898, 4610, 3563], [3016, 3033, 5651, 5650, 2913, 2959, 4640, 2824, 3215, 2820, 2884, 2885, 3214, 3564, 2886, 2921, 4851, 4886, 3462], [3016, 3033, 5651, 5650, 2913, 2959, 4640, 2824, 4897, 3562, 2921, 2823], [5157, 5236, 5143, 3033, 5651, 5650, 2913, 2911, 2960, 4832, 4645, 4898, 4610, 3563], [5152, 5153], [6051, 5975, 5155], [3016, 3033, 5651, 5662, 5656, 5169, 5244, 5168], [5186]]
lfn_id=19190 full_street_name=Gatineau Hydro Corridor Trl num_paths=21 paths:
  --> [[5145, 4665, 2864, 2970, 2863, 3798], [5211, 2928], [5204, 5351, 5352, 5212, 5350, 3037, 3038, 4739, 5219], [3618, 5183, 3612, 5270, 5271, 5272, 5273, 5274, 5190, 5188, 5112, 5182, 5275, 5276, 3617, 5172, 5209, 5231, 5230, 4969, 6059, 6420], [5194, 5285, 5140, 5192, 5199, 5284, 3829, 5584, 5096, 5095, 5094, 5582], [3862, 5165], [5170, 5176, 4970, 5958, 6050], [5093], [5194, 5285, 5140, 5192, 5199, 5142, 5141], [5144], [5149, 5207], [5530, 5546, 5158], [5189, 5241, 5182, 5275, 5276, 3617, 5172, 5209, 5231, 5230, 4969, 6059, 6420], [5197], [5204, 5218], [5213, 5214], [5215, 5345, 5346, 5258, 5239, 5238], [5225], [5247, 5246], [5333, 5142, 5141], [5545]]
lfn_id=19192 full_street_name=Guildwood Park Trl num_paths=2 paths:
  --> [[5547, 5788], [5777, 5776]]
lfn_id=19193 full_street_name=High Park Trl num_paths=3 paths:
  --> [[3040, 2920, 4664, 6324, 6479, 6486, 6477, 6480, 2890], [3040, 2920, 4664, 6325, 6344, 3622, 6209, 6196], [3040, 2920, 4664, 6324, 6479, 6486, 6477, 6480, 4869]]
lfn_id=19194 full_street_name=Highland Creek Trl num_paths=10 paths:
  --> [[2929, 2889, 5678, 4487, 5707, 3030, 5609, 2117], [2929, 2889, 5678, 5683, 2875, 2895, 4620, 4760, 2795, 4585, 4586, 4690, 4654, 2839, 2849, 4726, 4708, 2867, 6032, 6031], [2929, 2889, 5678, 5683, 2875, 2837], [3310, 2854, 4588], [3672, 4873, 2872, 3370, 4590, 3675], [2929, 2889, 5678, 5683, 2875, 2895, 4620, 4760, 2795, 4585, 4586, 4690, 4654, 2839, 2849, 4726, 4708, 2882], [5069, 4625], [4687, 4760, 2795, 4585, 4586, 4690, 4654, 2839, 2849, 4726, 4708, 2867, 6032, 6031], [4702, 3370, 4590, 3675], [2929, 2889, 5678, 5683, 2875, 2895, 4620, 4760, 2795, 4585, 4586, 4690, 4654, 5292]]
lfn_id=19195 full_street_name=Lake Shore Blvd East Trl num_paths=7 paths:
  --> [[3117, 3081, 3135, 4809, 3116, 3332, 3323, 5306, 5310, 5131, 5133, 5132, 3179, 4706, 3154, 3143, 3188, 4750, 3115, 4634, 3193, 5818, 5808, 5823, 5810, 5815, 5826, 5825, 5807, 4592], [4765, 3136, 3135, 4809, 3116, 3332, 3323, 5306, 5310, 5131, 5133, 5132, 3179, 4706, 3154, 3143, 3188, 4750, 3115, 4634, 3193, 5818, 5808, 5823, 5810, 5815, 5826, 5825, 5807, 4592], [3382, 3371, 3383, 3155, 3143, 3188, 4750, 3115, 4634, 3193, 5818, 5808, 5823, 5810, 5815, 5826, 5825, 5807, 4592], [3644, 3645, 3219, 3217, 3218, 4750, 3115, 4634, 3193, 5818, 5808, 5823, 5810, 5815, 5826, 5825, 5807, 4592], [3117, 3081, 3135, 4809, 3116, 3332, 3323, 5306, 5310, 5131, 5133, 5132, 3179, 4706, 3154, 3143, 3188, 4750, 3115, 4634, 3511], [3117, 3081, 3135, 4809, 3116, 3332, 3323, 5306, 5322, 5313, 5323, 5311, 5312], [3117, 3081, 3135, 4809, 3116, 3332, 3323, 5306, 5310, 5131, 5133, 5132, 3179, 4706, 3154, 3143, 3188, 4750, 5319]]
lfn_id=19199 full_street_name=L'Amoreaux Steeles Recreation Trl num_paths=8 paths:
  --> [[4606, 2914, 5293, 5294, 5266], [5298, 5302, 2966, 3007, 2969, 2968, 2967], [5298, 5302, 4769, 4709], [5298, 5303, 5341], [4606, 2914, 5293, 5294, 5327, 5299, 5302, 2966, 3007, 2969, 2968, 2967], [4606, 2914, 5293, 5301, 5300, 5266], [5328, 5294, 5266], [4606, 2914, 5293, 5301, 5405, 5340]]
lfn_id=19201 full_street_name=Wilket Creek Trl num_paths=14 paths:
  --> [[5889, 5890, 5906, 5905, 5926, 5893, 5885, 3850, 4932, 1743], [2827, 2830, 2949, 3212], [4628, 2831, 2829, 2830, 2949, 3212], [3100, 3101, 4754, 3102, 2955, 4733, 2917, 4717, 4756, 2983, 4713], [3100, 3101, 4754, 3102, 2957, 2954], [3100, 3101, 4754, 3102, 2957, 2956, 4733, 2917, 4717, 4756, 2983, 4713], [3100, 3101, 4754, 3102, 2955, 4733, 2917, 4717, 4756, 2984], [3100, 3101, 4754, 3102, 2955, 4733, 2985, 4783, 4717, 4756, 2983, 4713], [5889, 5890, 5906, 5905, 5926, 5925, 5894, 3098, 3099, 3103, 4754, 3102, 2955, 4733, 2917, 4717, 4756, 2983, 4713], [2827, 2830, 2949, 4852, 4853, 3198, 3199, 4812], [2827, 2830, 2949, 4852, 4853, 3240, 3271, 3239], [5889, 5890, 5906, 5905, 5926, 5925, 5894, 3098, 3099, 4753, 3101, 4754, 3102, 2955, 4733, 2917, 4717, 4756, 2983, 4713], [3100, 3101, 4754, 3102, 2955, 4733, 2985, 4784], [2827, 2830, 2949, 4852, 4853, 3240, 3271, 4858]]
lfn_id=19204 full_street_name=Littles Park Trl num_paths=3 paths:
  --> [[2923], [4651, 3234], [4651, 3235]]
lfn_id=19205 full_street_name=Lower Don River Trl num_paths=4 paths:
  --> [[3090, 3173, 3339, 3083, 3082, 3042, 3216, 4844, 4689, 3043, 4688, 3552, 3507, 3171, 3222, 3223, 4647, 5179, 3783, 4749, 3144, 3210, 3211, 3209, 4863, 4805, 3221, 3377, 4794, 6409, 1524, 3461, 4857, 3096, 4622, 3129, 4859, 3174], [4959, 3172, 4669, 3339, 3083, 3082, 3042, 3216, 4844, 4689, 3043, 4688, 3552, 3507, 3171, 3222, 3223, 4647, 5179, 3783, 4749, 3144, 3210, 3211, 3209, 4863, 4805, 3221, 3377, 4794, 6409, 1524, 3461, 4857, 3096, 4622, 3129, 4859, 3174], [3753, 4953, 4956], [3090, 3173, 3339, 3083, 3082, 3042, 3216, 4844, 4689, 3043, 4688, 3552, 3507, 3171, 3222, 3223, 4647, 5179, 3783, 4749, 3144, 3210, 3211, 3209, 4863, 4805, 3221, 3377, 4794, 6409, 6414, 6411, 6413, 6415]]
lfn_id=19206 full_street_name=Martin Goodman Trl num_paths=28 paths:
  --> [[5036, 5030, 3643, 3642, 4950, 3229, 4632, 3196, 3204, 6513, 6520, 6502, 6512, 6519, 5566, 5565, 5567, 5564, 6496, 6569, 5687, 6567, 3395, 6495, 1562, 6504, 6507, 1560, 6563, 6565, 6506, 6505, 5562, 5563, 5686, 6568, 6571, 6560, 6570, 6562], [2925, 3128, 3674], [5108, 3027, 4775, 3359, 3281, 3280, 4899, 4743, 5561, 4967, 4965, 4968], [3078, 3128, 3674], [3157, 3158, 3319, 3309, 3326], [5036, 5030, 3643, 3642, 4950, 3194], [3668, 4957, 6530, 3669, 5174, 6526, 6521, 3667, 6525, 6533, 6522, 6531, 3446, 3575, 6527, 6532, 6534, 3521, 3875, 6573, 5832], [3447, 3559], [3559, 3447, 3569, 3568, 3570, 3685, 3639, 3676], [3668, 4957, 6530, 3669, 5174, 6526, 6521, 3667, 6525, 6533, 6522, 6531, 3446, 3575, 6527, 6532, 6534, 3560, 3559, 3447], [3567], [4985, 4987, 4986, 4988, 3587, 4913, 5446, 5053, 5045, 5043, 5052], [5492, 5287, 5317, 5353, 6266, 6290, 6264, 6265, 3779, 5513, 5482], [5492, 5493, 5067, 5062, 5070, 5068], [5879, 5412, 5454, 4830, 5452, 5453, 6399], [3157, 3158, 3319, 5466, 4848], [4996, 5107], [5036, 5029], [5879, 5412, 6363, 5037], [5492, 5493, 5067, 5062, 5061], [5492, 5493, 5067, 5062, 5063], [5492, 5493, 5067, 5062, 5070, 5071], [3668, 4957, 6530, 3669, 5174, 6526, 6521, 3667, 6525, 5100], [5492, 5315], [5316], [5318, 5317, 5353, 6266, 6290, 6264, 6265, 3779, 5513, 5482], [5036, 5030, 3643, 3642, 4950, 3229, 4632, 3196, 3204, 6513, 6520, 6502, 6512, 6519, 6566, 6561, 5373], [6362, 5454, 4830, 5452, 5453, 6399]]
lfn_id=19209 full_street_name=Newtonbrook Park Trl num_paths=2 paths:
  --> [[3482], [4888]]
lfn_id=19210 full_street_name=West Highland Creek Trl num_paths=35 paths:
  --> [[3049, 3048, 3050, 5684, 5685, 2797], [2803, 2804, 2841, 2810], [2806, 4562, 2809, 5590, 4990, 5625, 4561, 3050, 5684, 5685, 2797], [4742, 2986, 4613, 3060, 4555, 2832], [5961, 5959, 5952, 5983, 5954, 5972, 2834, 3353, 4563, 5125, 5956, 5955], [4742, 3126, 4653, 2838], [6501, 5451, 3726, 6412, 6405, 6391, 3156, 2905, 5655, 5646, 5653, 5659, 5641, 5663, 5421, 5642, 5644, 5665], [5961, 5959, 5952, 5983, 5954, 5972, 2834, 3353, 4596, 4780, 3064, 2931, 4716, 2989, 5690, 4818, 2942], [6406, 6386, 6401, 5420, 6473, 5422, 5385, 6497, 3236, 5337, 6400, 6392, 5425, 6393, 6408, 2975, 5653, 5659, 5641, 5663, 5421, 5642, 5644, 5665], [2987, 3704, 4960, 4937], [2988, 4595], [5961, 5959, 5952, 5983, 5954, 5972, 2834, 3353, 4596, 4780, 3064, 2931, 4716, 2989, 5690, 4818, 2993, 5694, 3874, 3873, 4757], [4742, 2986, 4613, 3060, 4582, 3023], [3150, 4544, 3051], [5886, 3138, 3353, 4563, 5125, 5956, 5955], [2987, 3704, 4995, 4593, 5698, 5706, 4992, 4764, 3151, 5380, 5347], [5961, 5959, 5952, 5953, 5960, 3357, 3205], [3206, 4562, 2809, 5590, 4990, 5625, 4561, 3050, 5684, 5685, 2797], [5961, 5959, 5952, 5983, 5954, 5972, 2834, 3353, 4596, 4780, 3064, 2931, 4716, 2989, 5690, 4818, 2993, 5694, 5728, 4781, 6323, 6343, 3355, 4639, 3354, 3356, 2841, 2810], [5961, 5959, 5952, 3802], [5961, 5959, 5952, 5983, 5954, 5972, 2834, 3353, 4596, 5870, 4568, 3803, 5871], [5961, 5959, 5952, 5983, 5954, 5972, 2834, 3353, 4596, 4780, 3064, 2931, 4716, 2989, 5690, 4818, 2993, 5694, 3874, 3873, 5429, 3872], [5652, 4573, 5590, 4990, 5625, 4561, 3050, 5684, 5685, 2797], [5961, 5959, 5952, 5983, 5954, 5972, 2834, 3353, 4596, 4780, 3064, 2931, 4716, 2989, 5690, 4818, 2993, 5694, 5728, 4781, 6323, 6343, 3355, 4639, 4727], [6501, 5451, 3726, 6412, 6405, 6391, 3156, 5645, 5643, 5014, 5426, 5428], [6406, 6386, 6401, 5420, 6473, 5422, 5385, 6497, 3236, 5337, 6400, 6392, 6387, 6474, 5348, 6407], [6406, 6386, 6401, 5420, 6473, 5422, 5385, 6497, 3236, 5337, 6400, 6392, 5425, 6393, 6408, 2975, 5664, 5654, 5384], [6501, 5451, 3726, 6412, 6405, 6391, 3156, 5645, 5643, 5014, 5427], [5441, 5385, 6497, 3236, 5337, 6400, 6392, 5425, 6393, 6408, 2975, 5653, 5659, 5641, 5663, 5421, 5642, 5644, 5665], [2987, 3704, 4995, 4593, 5698, 5706, 4992, 4764, 3151, 5380, 5481], [5598, 5597, 5625, 4561, 3050, 5684, 5685, 2797], [5668, 5643, 5014, 5426, 5428], [5947, 5946, 3138, 3353, 4563, 5125, 5956, 5955], [6406, 6386, 6401, 6475, 6497, 3236, 5337, 6400, 6392, 5425, 6393, 6408, 2975, 5653, 5659, 5641, 5663, 5421, 5642, 5644, 5665], [6541, 6539, 6538, 6473, 5422, 5385, 6497, 3236, 5337, 6400, 6392, 5425, 6393, 6408, 2975, 5653, 5659, 5641, 5663, 5421, 5642, 5644, 5665]]
lfn_id=19211 full_street_name=West Don River Trl num_paths=17 paths:
  --> [[4607, 4677, 3686, 3176, 3183, 4718, 3167, 2915, 2946], [3231, 2919, 3118, 3177, 2918], [4607, 4677, 3686, 3176, 3183, 4718, 3167, 2945, 4763, 4744, 3273, 3274, 3148, 3734], [2994, 3514], [2994, 3514, 3512, 3286, 6045, 4810, 3165, 3655, 4891], [4607, 4677, 3686, 3176, 3183, 4718, 3167, 2915, 3201, 4763, 4744, 3273, 3274, 3148, 3734], [4607, 4677, 3686, 3176, 3183, 4718, 3167, 2945, 4763, 4744, 3273, 3274, 3202, 4745, 6052, 6053], [3231, 2919, 3118, 3177, 3224, 3226, 4676, 3225, 4686, 3176, 3183, 4718, 3167, 2915, 2946], [4607, 3228, 3227, 4686, 3176, 3183, 4718, 3167, 2915, 2946], [4779, 3510, 3503, 3344, 4811, 3345, 3697, 3635], [4779, 3510, 3503, 3344, 4811, 3513, 3514, 2994], [4779, 3510, 3503, 3344, 4811, 3345, 3697, 3638, 4867], [3231, 2919, 4751], [2994, 3514, 3512, 3286, 6045, 4810, 3165, 4731], [3231, 2919, 3118, 3177, 3224, 4766, 4676, 3225, 4686, 3176, 3183, 4718, 3167, 2915, 2946], [4847, 4829], [4952, 5782]]
lfn_id=19213 full_street_name=Terry Fox Park Trl num_paths=2 paths:
  --> [[3079], [5336]]
lfn_id=19214 full_street_name=Taylor Creek Trl num_paths=26 paths:
  --> [[2896, 2852, 4577, 4576, 4529], [5522, 5198, 3794, 3069, 3233, 2888, 3137, 3537, 2943, 4741], [2998, 4594, 2892, 2974, 2891, 2997, 2973, 3054], [4920, 3113, 4698, 2935, 2936, 4782, 3233, 2888, 3137, 3537, 2943, 4741], [4920, 3113, 4698, 2935, 2937, 4732], [2998, 4594, 2892, 2995, 2947, 2973, 3054], [2948, 2999, 2974, 2891, 2997, 2973, 3054], [5522, 5198, 3794, 3069, 3233, 2888, 3137, 3537, 2979, 4700, 2953, 3146, 3145], [2998, 4594, 2892, 2974, 2996], [3065, 3066, 5877, 5876, 4860, 3067, 3249, 3695], [3114, 3070, 5523, 3794, 3069, 3233, 2888, 3137, 3537, 2943, 4741], [5522, 5198, 3794, 3071, 4782, 3233, 2888, 3137, 3537, 2943, 4741], [5522, 5198, 3794, 3069, 3233, 3072, 3232], [3093], [5522, 5198, 3794, 3069, 3233, 2888, 3137, 3537, 2979, 4700, 2953, 3146, 4768, 3124, 4612], [4670, 3182, 3298, 3698, 3251, 4860, 3067, 3249, 3695, 3065, 3066, 5877, 5876], [4796, 3250, 3251, 4860, 3067, 3249, 3695, 3065, 3066, 5877, 5876], [4828, 3321, 3322], [5522, 5198, 3794, 3069, 3233, 2888, 3137, 3537, 2979, 3459, 3420, 3419], [3429], [4796, 3250, 3251, 4860, 3067, 3249, 3695, 4949, 3430], [3694], [4796, 3250, 3251, 4860, 3067, 3249, 3695, 4949, 4697], [4920, 3113, 4721, 3070, 5523, 3794, 3069, 3233, 2888, 3137, 3537, 2943, 4741], [5522, 5198, 3794, 3069, 3233, 2888, 3137, 3537, 2979, 4700, 4845, 3146, 3145], [5901, 5900]]
lfn_id=19220 full_street_name=Rippleton Park Trl num_paths=2 paths:
  --> [[3106, 4773, 3104], [3106, 4773, 3105]]
lfn_id=19221 full_street_name=Queen's Greenbelt Trl num_paths=2 paths:
  --> [[4777, 4874], [4856, 4874]]
lfn_id=19224 full_street_name=North Park Trl num_paths=5 paths:
  --> [[4841, 3422, 3390, 3160, 3426], [3440, 3426], [3484, 3390, 3160, 3426], [4841, 3422, 3390, 3160, 4667], [4841, 4808, 3160, 3426]]
lfn_id=19274 full_street_name=Elizabeth Simcoe Park Trl num_paths=2 paths:
  --> [[3019, 5331, 5332], [5150, 5331, 5332]]
lfn_id=19296 full_street_name=Mimico Waterfront Park Trl num_paths=3 paths:
  --> [[5344, 6208, 5575, 6267], [5344, 6208, 6247], [6312]]
lfn_id=19305 full_street_name=McCowan District Park Trl num_paths=15 paths:
  --> [[5349, 3804], [5791, 4755], [5791, 4838], [5349, 5249, 5863], [5410], [5411, 5816, 5850, 5858, 5855, 5856, 5857, 5798], [5785, 5761, 5762, 5805], [5793, 5801, 5847, 5848, 5798], [5793, 5801, 5847, 5848, 5799, 5800], [5833, 5835], [5834, 5852, 5861], [5793, 5801, 5849, 5850, 5858, 5855, 5856, 5857, 5798], [5853], [5860], [5862]]
lfn_id=19322 full_street_name=Betty Sutherland Trl num_paths=3 paths:
  --> [[5040, 3347, 3316, 4720, 3348, 3317, 3307, 3306, 3591, 3590, 3589, 3588], [5040, 3347, 3316, 4720, 3348, 3317, 3307, 3306, 3591, 3590, 4907], [5040, 3347, 3316, 4720, 3348, 3317, 3307, 3306, 3591, 3590, 3589, 6342, 6341]]
lfn_id=19351 full_street_name=Harrison Park Trl num_paths=2 paths:
  --> [[5307, 5308], [5309]]
lfn_id=19352 full_street_name=Monarch Park Trl num_paths=2 paths:
  --> [[4931, 4814, 3640, 3641, 4813], [4931, 4814, 3640, 3678]]
lfn_id=19355 full_street_name=Berner Trail Park Trl num_paths=4 paths:
  --> [[4663, 3301, 3314, 3304], [3380], [4663, 3301, 3314, 4695], [4663, 3301, 3314, 4846, 4821]]
lfn_id=19356 full_street_name=Wickson Trail Park Trl num_paths=4 paths:
  --> [[3247, 3534, 3246, 3296], [3247, 3534, 3246, 4668, 3360, 3367, 4797], [3247, 3536, 3535, 4705, 3367, 4797], [3247, 3534, 3246, 4668, 3360, 3367, 4798]]
lfn_id=19360 full_street_name=West Humber Trl num_paths=11 paths:
  --> [[6302, 6278, 6218, 6124, 6135, 6215, 5026, 5035], [6302, 6278, 6218, 6124, 6135, 6215, 6169, 5027, 5035], [6158, 5443, 6255, 6279, 6277, 6256, 6233, 6314, 6218, 6124, 6135, 6215, 5026, 5035], [5509, 6286, 6174, 6159, 6235, 6126, 6125, 6280, 6315, 6183], [6302, 6278, 6218, 6124, 6135, 6215, 6169, 5486, 5487, 6286, 6174, 6159, 6235, 6126, 6125, 6280, 6315, 6183], [6282, 6254, 6217, 6134, 6082], [6282, 6254, 6217, 6134, 6360, 6083, 6156, 6301, 6255, 6279, 6277, 6256, 6233, 6314, 6218, 6124, 6135, 6215, 5026, 5035], [6234, 6314, 6218, 6124, 6135, 6215, 5026, 5035], [6281, 6235, 6126, 6125, 6280, 6315, 6183], [6300, 6156, 6301, 6255, 6279, 6277, 6256, 6233, 6314, 6218, 6124, 6135, 6215, 5026, 5035], [6313, 6256, 6233, 6314, 6218, 6124, 6135, 6215, 5026, 5035]]
lfn_id=19482 full_street_name=Scarborough Railpath Trl num_paths=6 paths:
  --> [[5200], [5357, 5356, 5358, 5203, 5201], [5202], [6067, 5944, 5227, 5228, 5531], [5354, 5355], [6404]]
lfn_id=19483 full_street_name=Finch Corridor Trl num_paths=14 paths:
  --> [[5261, 5262, 5265, 6048, 6049, 5114, 5115, 5794, 5943, 6039, 3020, 6016, 6017], [3722, 5343, 5296, 5366, 5314, 5621], [5883, 5193, 5280, 6024, 6025, 5880, 6398, 4435, 6388], [5883, 5193, 5280, 5195, 5217, 5282, 5281], [5254, 6035, 5957, 5253, 5184, 4998, 5185, 5264], [5148, 5283], [5867, 5234, 5166, 5167], [5237, 5338, 5251, 5252, 5187, 5342, 5343, 5296, 5366, 5314, 5621], [5883, 5193, 5196], [5233, 5232, 5325, 5324], [5884, 5255, 5362, 5361, 5240], [5883, 5193, 5280, 6024, 6025, 5880, 6398, 4435, 6518, 5994, 5359, 5360], [5261, 5262, 5365], [6517, 6388]]
lfn_id=19485 full_street_name=Leaside CN Rail Spur Trl num_paths=2 paths:
  --> [[5181, 6536, 6537, 5175], [6434]]
lfn_id=19486 full_street_name=Morningside Park Trl num_paths=3 paths:
  --> [[5286, 5290, 5364, 5397, 5396], [5291], [5286, 5290, 5364, 5397, 5398]]
lfn_id=19508 full_street_name=Humber River Recreational Trl num_paths=47 paths:
  --> [[5982, 1086, 6013, 5935], [5191, 5407, 3842, 5525, 5489, 5408, 5539, 5386, 5001, 5464, 5459, 5484, 3303, 6072], [5465, 5521, 3549, 5402, 5474], [5677, 5682, 5392, 3550, 5491, 5521, 3549, 5402, 5474], [5504, 5503, 5477, 5444, 4981, 5476, 4905, 5501, 5556, 3621, 4884, 5680, 5681], [6435, 6436, 5002, 5458, 6389, 6451, 5495, 5475, 3780, 5409, 3711, 3742, 3774, 5519, 5539, 5386, 5001, 5464, 5459, 5484, 3303, 6072], [5740, 3720, 5739, 5738, 5497, 5401, 5460, 5536, 4906, 5479, 5472, 5542], [3739, 3730, 3731, 3729, 3741, 3724, 3738, 4993], [3739, 3730, 3731, 3729, 3741, 3724, 3740, 5488, 6214, 6283, 6261, 6333, 6263, 6331, 6262, 6140, 6332, 6141, 6142, 6143, 6157, 6334], [5544, 3773], [5499, 4883, 5511, 5391, 5510, 5390, 5413, 5389, 5437, 5500, 5517, 5388, 5387, 6379, 6452, 6377, 6544, 6545, 6455], [5504, 5503, 5477, 5444, 4981, 5476, 4905, 5501, 4979], [4980, 5400, 5501, 4979], [5508, 5485, 5537, 5512, 5494, 4991], [6189, 6190, 6191, 6356, 6081, 6212, 6129, 6139, 6137, 5436, 5120, 3738, 4993], [5403, 5458, 6389, 6451, 5495, 5475, 3780, 5409, 3711, 3742, 3774, 5519, 5539, 5386, 5001, 5464, 5459, 5484, 3303, 6072], [5504, 5503, 5478, 5473, 4981, 5476, 4905, 5501, 4979], [5490, 5510, 5390, 5413, 5389, 5437, 5500, 5517, 5388, 5387, 6379, 6452, 6377, 6544, 6545, 6455], [5982, 6014, 5945, 6204, 6227, 6167, 6168, 6228, 6298, 6229, 6355, 6173, 6080, 6188, 5496], [5544, 5505, 6333, 6263, 6331, 6262, 6140, 6332, 6141, 6142, 6143, 6157, 6334], [5543, 5497, 5401, 5506], [5518], [5524, 5001, 5464, 5459, 5484, 3303, 6072], [5504, 5503, 5477, 5444, 4981, 5476, 5534, 5400, 5501, 4979], [5543, 5497, 5401, 5460, 5536, 5535, 5555, 5585, 5554], [5538, 5503, 5477, 5444, 4981, 5476, 4905, 5501, 4979], [5552, 4883, 5511, 5391, 5510, 5390, 5413, 5389, 5437, 5500, 5517, 5388, 5387, 6379, 6452, 6377, 6544, 6545, 6455], [5553, 5512, 5494, 4991], [6171, 6172, 6357, 6166, 6275, 6296, 5998, 5995, 5997, 6013, 5935], [5996, 6078], [6226, 6176, 6015], [5191, 5407, 3842, 5525, 5489, 5408, 5539, 5386, 5001, 5464, 5459, 5484, 6076, 6073], [6079, 6299, 6080, 6130, 6252, 5496], [6136, 6316, 6212, 6129, 6139, 6137, 5436, 5120, 3738, 4993], [6273, 6165, 6219, 6274, 6203], [6175, 6137, 5436, 5120, 3738, 4993], [6189, 6190, 6182, 6253, 6359], [5982, 6014, 5945, 6204, 6227, 6185], [6186, 6252, 5496], [5982, 6014, 5945, 6204, 6227, 6167, 6168, 6228, 6298, 6229, 6355, 6187, 6299, 6080, 6130, 6252, 5496], [6213, 6316, 6212, 6129, 6139, 6137, 5436, 5120, 3738, 4993], [6276, 6296, 5998, 5995, 5997, 6013, 5935], [6297, 6298, 6229, 6355, 6173, 6080, 6130, 6252, 5496], [5544, 5505, 6333, 6263, 6331, 6262, 6140, 6332, 6141, 6142, 6143, 6326], [5982, 6014, 5945, 6204, 6227, 6167, 6168, 6358, 6229, 6355, 6173, 6080, 6130, 6252, 5496], [6367], [6435, 6436, 6418, 6389, 6451, 5495, 5475, 3780, 5409, 3711, 3742, 3774, 5519, 5539, 5386, 5001, 5464, 5459, 5484, 3303, 6072]]
lfn_id=19573 full_street_name=Queen's Park Trl num_paths=2 paths:
  --> [[4983, 4984, 5028, 5634, 5696], [5695]]
lfn_id=19576 full_street_name=Port Union Village Common Trl num_paths=2 paths:
  --> [[5675, 5671], [5673, 5674, 5672, 5679]]
lfn_id=19612 full_street_name=Centennial Park Trl num_paths=3 paths:
  --> [[5783], [5784], [5787]]
lfn_id=19676 full_street_name=Chorley Park Trl num_paths=3 paths:
  --> [[6010, 6009, 6005, 5984, 5971], [6010, 6009, 6005, 5984, 5976], [6010, 6009, 6005, 6012]]
lfn_id=19678 full_street_name=Don Valley Brick Works Trl num_paths=2 paths:
  --> [[5973, 5974, 3800, 3801, 5967, 5966, 5969, 3797, 5968, 5970, 3799, 6041, 3918, 5965], [5973, 5974, 3800, 3801, 6046, 6047]]
